nCount_RNA	original_cluster_identity	UMAP_1	UMAP_2	Col2a1	eGFP-SV40pA
3580	Chondrocytes	-3.19041360453956	2.41802841179419	2	1
1989	Perichondrium	-0.56230656341903	2.81684857361365	1	0
1088	Chondrocytes	-4.92755950526588	2.67320209496069	5	1
11340	Pericartilaginous mesenchyme	-0.483493338388131	-4.42228287703943	0	0
10284	Pre-osteoblasts	-4.3204990728318	0.503100869584562	7	0
3092	Interdigit mesenchyme	2.80733524723656	1.36787003033209	0	0
2941	Chondrocytes	-2.29407037333839	3.94848662369299	6	1
5159	Muscle connective tissue	2.83089124127038	-4.74172038085413	0	0
1726	Perichondrium	0.759652544695212	0.821035203862669	0	0
9154	Pre-osteoblasts	-5.5782042844712	0.154613671231748	2	0
11231	Pre-osteoblasts	-5.02359927729957	0.56206542007971	2	0
8690	Pericartilaginous mesenchyme	1.06379150314934	-3.89212936408472	1	0
6262	Interdigit mesenchyme	2.39026009007104	-1.32157445199442	0	0
3363	Pericartilaginous mesenchyme	0.945049633222892	-4.18465060241175	0	0
1982	Perichondrium	-0.623442421716378	2.13079696648169	0	0
6027	Pericartilaginous mesenchyme	-0.384752224248574	-2.43127364165735	0	0
1211	Perichondrium	-4.05250753001563	0.873611745763303	3	0
1297	Muscle connective tissue	2.8338686124862	-4.59229010589075	0	0
7307	Chondrocytes	-4.46136964396827	4.15488224976111	55	5
2094	Dermis	5.68569933338769	-1.59403997905207	0	0
5293	Dermis	4.35417400761254	-0.60829679913473	0	0
2354	Muscle connective tissue	3.11406194134362	-4.36349314696741	0	0
3522	Interdigit mesenchyme	1.65154432221062	3.193208990026	0	0
2806	Interdigit mesenchyme	3.50897990627892	1.34823351852942	0	0
1169	Chondrocytes	-5.07557500438087	3.29195767395544	9	0
3361	Muscle connective tissue	3.94780336781151	-3.8064841652627	0	0
6017	Perichondrium	-1.57422889308326	0.529600558209898	1	0
1325	Interdigit mesenchyme	3.11262308521874	0.107379553246977	0	0
4902	Perichondrium	-0.329164425891564	2.41308647148657	0	0
4666	Dermis	5.0891917841018	-2.67620367057276	0	0
4778	Interdigit mesenchyme	1.92414032383568	1.10667067520666	0	0
3295	Perichondrium	1.62215255661614	1.25412672512579	0	0
9036	Tendons	-1.42266441420905	-1.02569210774851	9	0
1422	Pericartilaginous mesenchyme	-0.472669820350335	-4.72772950179529	0	0
1810	Interdigit mesenchyme	3.59289466305382	0.540009853768827	0	0
6220	Perichondrium	-0.704833339017556	1.17029994480658	0	0
4540	Dermis	5.58540665073998	-2.27493280417871	0	0
3593	Pericartilaginous mesenchyme	-0.0552148437618474	-1.38264727837992	0	0
4252	Chondrocytes	-4.89686502055518	2.03711277000952	18	2
1740	Perichondrium	-1.97589064673774	0.741942701268675	0	0
1185	Perichondrium	-0.0369860185801248	2.35842233650732	1	0
7325	Pericartilaginous mesenchyme	-1.25684727267616	0.273468789983274	1	0
10585	Muscle connective tissue	2.68041120930321	-4.20504349715662	0	0
7049	Pericartilaginous mesenchyme	-0.620345602792428	-3.77002471930933	0	0
1061	Muscle connective tissue	2.4313024179519	-4.48310822493982	0	0
1663	Tendons	-2.46973146037452	-1.5351720476861	0	0
3183	Dermis	4.70102678700097	-1.18487429864359	0	0
4053	Perichondrium	0.60919897719033	0.701625761914732	0	0
5757	Chondrocytes	-3.84008921222083	4.19632845871496	17	6
4747	Perichondrium	0.646756221491172	2.88531404488135	0	0
6347	Muscle connective tissue	2.55431209965356	-4.5217043781991	0	0
4343	Perichondrium	0.849757184225394	3.77227383606482	0	0
11530	Pericartilaginous mesenchyme	-0.0246357871710519	-4.45018977172327	0	0
1788	Perichondrium	0.552197922903373	1.63262206070471	0	0
5322	Pericartilaginous mesenchyme	1.97889553471215	-2.84874195105982	0	0
1288	Perichondrium	-0.323755989831613	2.39494353287268	0	0
3605	Tendons	-1.74784113005988	-1.23067641503763	0	0
4270	Pericartilaginous mesenchyme	1.3662023441375	-4.37520331389856	0	0
3668	Chondrocytes	-3.18315065936439	3.98356801025915	10	1
5863	Pericartilaginous mesenchyme	2.32645737095483	-2.55911964423609	0	0
3144	Perichondrium	0.282467831808402	3.10161500923681	0	0
5734	Pericartilaginous mesenchyme	-0.354115824264214	-3.9675690556283	0	0
3698	Chondrocytes	-5.53184760646217	3.18687921516943	27	3
2578	Perichondrium	-1.58116079406135	1.53284901135016	2	0
2614	Pericartilaginous mesenchyme	0.733114887911155	-2.30150372035456	0	0
3523	Chondrocytes	-2.96886385516517	3.74287682526159	14	2
3623	Perichondrium	0.499535431104972	-0.297833027910708	0	0
5506	Pericartilaginous mesenchyme	0.910479535299613	-4.45794791228723	0	0
1611	Pre-osteoblasts	-4.19629729823463	-0.555383789014338	0	0
3005	Chondrocytes	-4.1358362539231	3.40366226189184	14	2
3926	Interdigit mesenchyme	3.45537125034936	0.0769026254897133	0	0
3735	Pericartilaginous mesenchyme	-0.0675783856331567	-2.38254708297205	0	0
2269	Perichondrium	-1.37822676734321	2.94571619980383	0	0
2249	Perichondrium	0.026232932645156	1.2338367079978	0	0
3474	Pericartilaginous mesenchyme	2.0202892915786	-2.88318485267114	0	0
3918	Dermis	5.92571484013207	-1.71585363395166	0	0
6949	Dermis	4.6694558755935	-3.17618125922632	0	0
2797	Perichondrium	-1.23383415774696	2.47318273537207	0	0
3395	Perichondrium	0.287623424965217	2.87879138939428	0	0
4721	Interdigit mesenchyme	2.77881609364159	1.42656284325171	0	0
1147	Chondrocytes	-4.78590358332984	3.00162106506872	7	1
3304	Tendons	-0.987499545377419	-0.809187206100939	0	0
4172	Pericartilaginous mesenchyme	0.994237651068046	-3.98811882979822	0	0
9010	Pericartilaginous mesenchyme	-0.583333830398248	-4.6124026203866	0	0
3027	Perichondrium	0.791861345011069	1.9575129126792	0	0
7179	Tendons	-1.95809842185371	-1.3113640571351	0	0
9432	Dermis	6.47028480930932	-1.98535639293146	0	0
2901	Chondrocytes	-1.92853749827735	3.11086302750158	0	0
2513	Chondrocytes	-4.38426507548682	2.64478760712195	3	1
3743	Interdigit mesenchyme	2.34248982830651	-0.363869807344197	0	0
6931	Dermis	5.14836870594628	-2.52157038695764	0	0
3912	Muscle connective tissue	2.78120361729272	-4.66970366485071	0	0
11205	Tendons	-2.45952905253761	-2.68328851706934	0	0
5999	Interdigit mesenchyme	3.64298044605859	0.173691687512876	0	0
5401	Muscle connective tissue	2.74790464802392	-4.28831237800074	0	0
2671	Perichondrium	0.6254449383796	2.70747691147375	0	0
6117	Pre-osteoblasts	-4.23202289180152	-0.0813884461636528	0	0
1067	Pericartilaginous mesenchyme	0.977208008009269	-3.18135565764856	0	0
1128	Tendons	-2.53584064082496	-2.68659919745874	0	0
3357	Dermis	6.09960686131127	-2.15404552466822	0	0
9314	Dermis	4.48210226460107	-2.81109518058252	0	0
7733	Muscle connective tissue	3.51963030262597	-3.82138484961939	0	0
7157	Tendons	-2.00411237315528	-0.559417116116999	0	0
3696	Muscle connective tissue	2.73869096203454	-4.30868524558496	0	0
6218	Pericartilaginous mesenchyme	0.301425685125663	-3.88307041175318	0	0
1110	Perichondrium	1.07255720062859	0.350323257375242	0	0
8325	Chondrocytes	-5.65430797175758	3.44513445847082	65	9
1604	Perichondrium	-2.6123360498368	0.667324838567259	0	0
1711	Perichondrium	2.05447517796166	0.340541419911863	0	0
4238	Chondrocytes	-2.44519508914344	3.75247412674475	5	2
8629	Tendons	-2.03276849822395	-2.58803981788111	0	0
10232	Pre-osteoblasts	-4.97674048976295	0.174303111958982	3	0
1149	Interdigit mesenchyme	2.37488900585778	0.980257210660459	0	0
2546	Perichondrium	0.563472141462638	1.25553637497473	1	0
5657	Pericartilaginous mesenchyme	-0.0415199911712865	-3.04621953017664	0	0
2173	Pericartilaginous mesenchyme	-0.717248211663888	-3.90836209304285	0	0
1314	Chondrocytes	-1.99689043597572	2.98746353142309	2	0
4945	Pericartilaginous mesenchyme	2.34282027645714	-3.06999677665186	0	0
5263	Interdigit mesenchyme	2.72856389446862	3.69753342621374	0	0
2043	Perichondrium	-0.732475648683236	2.37567859642553	0	0
1092	Pre-osteoblasts	-4.65448010997169	-0.323745811950682	0	0
8921	Tendons	-2.5102168424546	-2.70734876639795	0	0
2030	Dermis	6.21725069447167	-2.11893087871027	0	0
10776	Chondrocytes	-5.28240693644874	3.04441624634314	83	9
4905	Chondrocytes	-4.86803544597022	2.70829826347876	10	3
4609	Perichondrium	0.282802482086494	3.65323430054236	1	0
1497	Pericartilaginous mesenchyme	1.47505473061211	-4.42392939574671	0	0
2041	Pre-osteoblasts	-3.16939581469886	-0.63314123697233	0	0
5348	Chondrocytes	-2.66350663737647	2.1875036334281	2	0
3022	Perichondrium	-3.57917107180946	1.71813255302954	5	0
2922	Interdigit mesenchyme	1.43246685429223	3.00364356987524	0	0
3040	Perichondrium	0.995444525915458	3.47575670235205	0	0
6531	Chondrocytes	-5.11241210536353	2.48500352852392	56	0
5576	Interdigit mesenchyme	2.07300912304528	3.80698138229895	0	0
4865	Chondrocytes	-4.49644101695411	4.02000361435461	23	4
4427	Chondrocytes	-5.45367015437476	2.83136158936072	28	1
3803	Perichondrium	-0.956478367608712	1.10474580280829	0	0
7188	Pericartilaginous mesenchyme	0.649613191324546	-4.26697820670557	0	0
6067	Dermis	5.72583233280785	-2.57412404067468	0	0
1149	Interdigit mesenchyme	1.98713766499169	3.60729008667517	0	0
3873	Interdigit mesenchyme	2.71690689488061	1.01754599564123	0	0
1998	Interdigit mesenchyme	3.38859402104027	1.34177559368658	0	0
1601	Perichondrium	0.679553021627738	2.80984145157385	0	0
2464	Dermis	3.77564536495812	-0.783076229166506	0	0
1123	Perichondrium	-1.11555923060767	0.408683893609525	0	0
7008	Pericartilaginous mesenchyme	2.24669157429345	-4.39647358901453	8	0
3022	Perichondrium	-1.53551114634864	1.52950137608099	0	0
3976	Perichondrium	-0.84484417275779	1.42042082302618	0	0
2371	Perichondrium	0.294978936153724	2.265319404531	0	0
3894	Perichondrium	-2.00617540912025	1.21149199955511	4	1
2220	Perichondrium	1.24249171181328	0.943116722035886	0	0
1206	Pericartilaginous mesenchyme	0.293423165518119	-3.45559066779566	0	0
5593	Pericartilaginous mesenchyme	1.36094283028252	-2.84750503547144	0	0
4388	Chondrocytes	-4.64012921885841	2.67643528931189	6	2
1818	Perichondrium	-2.41255582408302	0.446586487222196	2	1
3717	Perichondrium	-0.665189216893838	2.40153914444494	0	0
6776	Muscle connective tissue	4.38755833073266	-3.42631930358362	0	0
1186	Muscle connective tissue	3.14319096966393	-4.26784461982202	0	0
9255	Muscle connective tissue	3.26496802731164	-4.45017928130579	0	0
2977	Perichondrium	0.172019620376899	3.4555106734519	0	0
1840	Perichondrium	-1.51116217212074	1.39939218514013	0	0
3118	Interdigit mesenchyme	2.64646088047631	2.89579802506018	0	0
3759	Perichondrium	-0.322260822218583	2.59509569160986	0	0
5135	Tendons	-2.38382447795265	-2.76353782660913	0	0
4110	Perichondrium	1.02394281788476	1.48223143570471	0	0
3974	Dermis	5.96669470234521	-2.1744542742486	0	0
2993	Chondrocytes	-1.89779783324592	3.16066843025732	4	0
2256	Perichondrium	1.69324742718346	0.435214815068723	0	0
3154	Pre-osteoblasts	-5.55600846843116	0.147219417024137	0	0
1444	Perichondrium	-1.36221767501228	2.62220388405371	1	2
5338	Tendons	-1.40655208663337	-1.17275804526758	0	0
3402	Chondrocytes	-2.32358063296668	3.13175064079809	5	0
5689	Interdigit mesenchyme	1.65206192894585	3.24565511696386	0	0
4986	Tendons	-2.40874255732887	-1.69413084037256	0	0
1406	Chondrocytes	-2.52266014651649	3.59668379776526	6	0
3748	Dermis	5.62974630756982	-2.11210364348841	0	0
2995	Perichondrium	1.11580048962243	1.55680554859686	0	0
5012	Tendons	-2.28397525386207	-0.863766225647448	0	0
1205	Pericartilaginous mesenchyme	-2.69252885417335	-2.64019936568689	0	0
1802	Chondrocytes	-2.37968696193092	2.76884180061865	1	0
2855	Dermis	4.84693132801659	-1.80063766486597	0	0
1969	Perichondrium	0.685383071142509	0.871047315526487	0	0
1692	Pericartilaginous mesenchyme	-0.488297025722192	-4.29948252685022	0	0
1042	Pericartilaginous mesenchyme	1.60162722035058	-3.33095497138452	0	0
2388	Tendons	-2.7639805181443	-1.6142531061883	0	0
4322	Chondrocytes	-4.93321431712501	2.6276629542594	16	1
6278	Pericartilaginous mesenchyme	-0.847936461728738	-3.92101949698877	0	0
3097	Perichondrium	0.113034372168853	3.26178484909582	0	0
1845	Perichondrium	-1.30076135234229	2.76060634605932	0	0
2199	Perichondrium	-1.27636815146797	1.03590780251074	2	0
1116	Chondrocytes	-3.73557604388587	4.11875325195837	5	0
2703	Pericartilaginous mesenchyme	0.152168263632133	-3.94092029578638	0	0
3063	Perichondrium	-1.35704971389167	2.83212190620947	2	0
5023	Pericartilaginous mesenchyme	-0.394621471923516	-3.81962937362146	0	0
4468	Pericartilaginous mesenchyme	0.468645025926902	-3.36946338660669	0	0
1042	Perichondrium	-2.4400194986283	2.09484892838049	0	0
4958	Interdigit mesenchyme	2.11548601551659	-0.816626730036257	0	0
4258	Chondrocytes	-1.35300696925514	3.22078805916357	0	0
1162	Pericartilaginous mesenchyme	-0.583370964091943	-4.65799016005945	0	0
4622	Pericartilaginous mesenchyme	2.40315114422448	-2.81254619605493	0	0
1184	Perichondrium	0.0458765821040412	1.80432778351355	0	0
1262	Muscle connective tissue	4.33876406117089	-3.60009950644922	0	0
2771	Dermis	6.32275043888695	-2.00378185756159	0	0
3526	Interdigit mesenchyme	2.75309859676964	3.26475149147558	0	0
2829	Dermis	4.17856489582665	-0.572874101471422	0	0
2324	Pericartilaginous mesenchyme	2.30808292790063	-2.70696777350855	0	0
5840	Interdigit mesenchyme	2.61251675053246	3.45770436279822	0	0
9228	Interdigit mesenchyme	3.15573297901757	0.0023555135016457	0	0
6645	Dermis	3.92229162617333	-0.178645061921595	0	0
5507	Chondrocytes	-4.55503333644264	4.04375010483313	36	4
2741	Perichondrium	-0.353168527644799	2.93839770309973	4	0
2257	Pericartilaginous mesenchyme	-0.400401960176156	-4.49692696578455	0	0
8536	Muscle connective tissue	3.3678771154464	-3.5966772461648	0	0
3483	Chondrocytes	-3.88156903819434	2.48788386337805	12	1
1277	Perichondrium	0.608003963667228	0.917956170964719	0	0
7587	Dermis	5.20431219502099	-2.81251400954676	0	0
6221	Interdigit mesenchyme	2.29926191731103	2.96948343269873	0	0
3417	Interdigit mesenchyme	2.10442696972497	2.10486155502844	0	0
2231	Interdigit mesenchyme	2.10138188763268	2.85939556114721	0	0
1795	Dermis	5.635642399031	-1.76851195342493	0	0
1627	Perichondrium	-1.41018296317451	2.29609018318701	0	0
4575	Interdigit mesenchyme	2.79636536999352	3.47572332375097	0	0
4161	Chondrocytes	-4.57398379878394	3.33107691757727	40	3
9912	Pericartilaginous mesenchyme	-0.576055715840981	-3.77465504653406	1	0
11897	Perichondrium	0.563610245424583	1.79821401588965	0	0
2272	Chondrocytes	-3.54535354213111	2.3642614459281	3	0
3266	Pericartilaginous mesenchyme	0.0936702535928031	-1.08956188209009	0	0
1850	Perichondrium	0.668972720342948	0.918936548161985	0	0
2854	Pericartilaginous mesenchyme	2.1936303274215	-4.0208920861001	0	0
2692	Perichondrium	0.551822473245933	2.41637044899511	0	0
2530	Interdigit mesenchyme	2.70771299763329	1.51621311657477	0	0
1167	Pericartilaginous mesenchyme	0.704745282369926	-3.91198987014246	0	0
1378	Pericartilaginous mesenchyme	0.453140367704703	-2.6641535187478	0	0
2319	Dermis	5.38029657765038	-2.56467932708216	0	0
1551	Muscle connective tissue	3.65588556690819	-4.17326277739954	0	0
2492	Chondrocytes	-3.86894620494239	2.08164459221411	5	0
1160	Chondrocytes	-4.18098653392188	3.31091743462134	6	0
5263	Perichondrium	-1.63845873908393	0.979063806462766	0	0
6253	Muscle connective tissue	3.81680714054711	-3.34049362189722	0	0
2607	Chondrocytes	-4.99558986262672	3.88983994476843	21	0
5628	Tendons	-1.62312019900672	-1.25609457738352	1	0
4872	Tendons	-2.88445724086158	-1.31746942050409	0	0
8107	Perichondrium	-3.01029742793433	-0.0450237119908317	0	0
4694	Pericartilaginous mesenchyme	-0.660246442121194	-2.32373041160059	0	0
4919	Interdigit mesenchyme	2.97970425053246	2.33922892563391	0	0
5319	Interdigit mesenchyme	2.61599456234582	-0.218469547700404	0	0
3322	Perichondrium	-1.4167577131211	1.69040566437292	0	0
7360	Pericartilaginous mesenchyme	1.88468240662224	-3.04321903235864	0	0
1244	Perichondrium	-4.20155824260108	0.474278447556974	0	0
3218	Perichondrium	-1.28387487964027	2.25802188866186	0	0
2450	Pericartilaginous mesenchyme	-0.67118079499595	-4.04427117354822	0	0
9908	Chondrocytes	-4.77210582332008	2.16602164261389	17	0
2426	Pre-osteoblasts	-3.67968906001441	-0.159501361321925	0	0
2773	Dermis	5.44219719334252	-1.87556380279016	0	0
4226	Tendons	-0.720644543927834	-0.385343022305785	2	0
3254	Interdigit mesenchyme	2.1491659776748	0.769149479794981	1	0
7767	Muscle connective tissue	2.41120993061669	-4.27271193511438	0	0
3425	Perichondrium	0.605845560270621	0.691693959165098	0	0
4871	Perichondrium	0.737232257562949	-2.31106704719019	0	0
3841	Tendons	-1.52406288222663	-1.19242275006723	2	0
3564	Chondrocytes	-5.20647204951637	3.02008658402014	25	3
7693	Perichondrium	-1.9474612577378	1.38874214642096	1	0
8474	Perichondrium	-0.157954796266482	3.22623210899878	1	0
2167	Perichondrium	0.881331791120841	2.04554992668677	0	0
2268	Chondrocytes	-3.43949545459144	2.4452202891593	4	0
1296	Perichondrium	-0.982996295255349	1.74304681770849	0	1
1123	Chondrocytes	-5.33776153163307	3.45862251274634	10	0
8388	Interdigit mesenchyme	2.32427464886315	2.07740789406347	0	0
4782	Interdigit mesenchyme	-0.553413967651055	-0.369814452376483	1	0
6851	Interdigit mesenchyme	2.25704251690514	1.32915001862097	0	0
2967	Chondrocytes	-2.81814874247901	2.38008957855749	2	0
1208	Perichondrium	-0.747841666501687	-0.221432733010767	0	0
1093	Pericartilaginous mesenchyme	3.29803406162865	-3.87444323546839	0	0
9511	Interdigit mesenchyme	1.49070404930718	2.9495235060935	0	0
3284	Chondrocytes	-2.41936791972511	4.11777621262121	7	2
1004	Chondrocytes	-4.94791472987525	3.0022898291831	16	2
4970	Chondrocytes	-4.64444745616309	2.05935841553259	5	0
4255	Perichondrium	0.706045259672477	-0.338784268718479	1	0
3560	Chondrocytes	-3.52309001521461	3.72047692291784	6	0
3606	Perichondrium	-1.28687633113258	3.44156151764441	4	2
6317	Tendons	-1.12950159148567	-0.898323717188357	1	0
5369	Dermis	4.52750431461938	-1.18425804622125	0	0
2308	Perichondrium	-2.49070800380103	1.93191963188696	0	0
3369	Interdigit mesenchyme	2.20079337521203	3.54839068405676	0	0
4247	Chondrocytes	-4.65566028193824	3.12339025490332	18	4
5929	Pericartilaginous mesenchyme	0.898352076250388	-4.17585248000574	0	0
4187	Perichondrium	-2.28094996051185	0.370586512017728	0	0
2248	Pericartilaginous mesenchyme	1.55601655407555	-3.36144942290735	0	0
8005	Dermis	4.56934915943749	-2.64257782943201	0	0
2719	Pericartilaginous mesenchyme	2.33727108402856	-0.452210164290188	0	0
1539	Dermis	4.53661476536401	-0.894944312643526	0	0
7282	Dermis	5.16830002232201	-2.81581324584436	0	0
3473	Perichondrium	-0.880359481137917	0.318954763341428	0	1
2277	Interdigit mesenchyme	4.07140003605492	-0.352597052824019	0	0
3742	Chondrocytes	-2.33892620639198	3.24035268776465	14	0
4383	Perichondrium	-3.43811262683265	3.06142145149756	1	0
4571	Chondrocytes	-5.4399625165879	3.89774924271155	29	3
9066	Perichondrium	-2.34029925898902	1.26355582230139	3	1
3597	Interdigit mesenchyme	1.90539847775109	-0.846051814627169	0	0
1150	Pericartilaginous mesenchyme	0.129578758913352	-3.42895096785974	0	0
1412	Perichondrium	-2.69130576686256	1.81490379326391	0	0
3286	Interdigit mesenchyme	1.55691312714226	2.99030834190893	0	0
7211	Tendons	-1.93003083304755	-1.50518530852747	0	0
5514	Pericartilaginous mesenchyme	0.280945409971549	-1.26601279027414	0	0
5885	Pre-osteoblasts	-4.11658776835792	-0.623726534318445	2	0
3227	Perichondrium	0.478043784338309	0.60177534573126	0	0
3897	Dermis	5.86917578144677	-2.58082241065454	0	0
1363	Interdigit mesenchyme	1.36101197167046	3.46154767029333	0	0
5978	Interdigit mesenchyme	3.14132868214257	2.15962463371802	0	0
1178	Perichondrium	0.638864208895042	0.727646527219297	0	0
4563	Perichondrium	-0.549943815034554	-0.753720196556567	0	0
2522	Interdigit mesenchyme	2.70556627674706	0.679166612554075	0	0
1868	Chondrocytes	-4.15268958644264	4.13876372330237	10	3
1823	Perichondrium	0.798147310453727	0.473113593984129	0	0
2733	Chondrocytes	-4.46911824778907	2.94182544701147	15	0
5786	Pericartilaginous mesenchyme	1.06833564205773	-4.47744578368616	0	0
4732	Pre-osteoblasts	-3.14551938609474	-0.991879525255678	1	0
5100	Chondrocytes	-4.58417142466895	3.60408025734472	31	5
1725	Perichondrium	-0.539264868062661	0.815429983067991	0	0
2775	Pre-osteoblasts	-5.45505155162208	0.160498974252226	0	0
3164	Perichondrium	-0.438606183093713	3.21893673889685	0	1
2778	Chondrocytes	-2.39116872386329	3.00142699234533	3	1
1720	Tendons	-1.68888379172675	-1.41604787356806	0	0
1935	Perichondrium	0.0220404983938475	1.14261275284338	0	0
2326	Pre-osteoblasts	-4.79097426967017	1.09267657749701	0	0
4098	Pericartilaginous mesenchyme	0.595492710310294	-3.64719647414636	0	0
2528	Interdigit mesenchyme	1.48737310333855	-0.393321513674489	0	0
1248	Perichondrium	0.365566690403297	1.44836967937994	0	0
4420	Interdigit mesenchyme	2.2537835733474	-1.05658197648477	0	0
1035	Chondrocytes	-4.71623147563331	3.55300551407385	9	2
4391	Pericartilaginous mesenchyme	0.889908959108665	-3.76091212279749	0	0
2980	Perichondrium	-0.930525253575967	2.57293897621679	2	0
4357	Interdigit mesenchyme	3.03791486187585	0.572738525796415	0	0
3419	Interdigit mesenchyme	2.58425055904992	1.04170197002936	0	0
1824	Perichondrium	0.0716660366833945	3.06475621216345	0	0
4645	Dermis	3.89534460468896	-0.599102469753741	0	0
7250	Chondrocytes	-2.16513789729469	3.61275273315954	8	2
5498	Pre-osteoblasts	-4.51666225032203	-0.0433408940548881	0	0
2279	Pericartilaginous mesenchyme	-0.358572165530847	-4.70715636260462	0	0
5433	Pericartilaginous mesenchyme	-0.60497225360267	-4.40310210235071	0	0
2528	Interdigit mesenchyme	2.19211708469994	1.41755574696112	0	0
3888	Perichondrium	-0.50221476988189	1.98662215225744	0	0
4077	Interdigit mesenchyme	3.22373329563744	1.54242080204535	0	0
2217	Dermis	5.08690630360253	-2.9950975800271	0	0
3431	Chondrocytes	-4.76026214198463	2.6878960704093	20	0
3751	Perichondrium	-0.0914827436699728	0.752538857388975	0	0
2583	Perichondrium	-0.0801024633019428	3.20919924728918	0	0
1965	Perichondrium	2.53711091442712	3.55438691132116	0	0
2487	Chondrocytes	-1.85191548900001	3.14175659172583	9	1
1535	Perichondrium	-0.882741461557076	1.64702182762671	0	0
5264	Perichondrium	-1.12973297671668	0.568523762155058	0	0
2273	Perichondrium	0.157264073330237	1.93026119225073	0	0
1422	Interdigit mesenchyme	2.08739291592248	3.44179492943335	0	0
4863	Pericartilaginous mesenchyme	-0.367776374381707	-2.34558099753809	0	0
2217	Chondrocytes	-2.35932792262428	2.89473062508154	3	0
5032	Interdigit mesenchyme	1.15363739891656	2.76406007759619	0	0
2411	Perichondrium	-1.05772543982856	1.60177021973181	0	0
1391	Pericartilaginous mesenchyme	0.295453001695945	-2.44362563140344	0	0
4467	Perichondrium	0.875561584669425	3.15135889999914	0	0
6726	Pre-osteoblasts	-4.00305141047828	-0.691030802797793	1	0
2950	Perichondrium	-1.43616844252937	1.01925164215613	1	0
3479	Perichondrium	0.00133043243296344	1.98054748528052	0	0
1652	Interdigit mesenchyme	2.9461675779403	0.700557050633909	0	0
4021	Pericartilaginous mesenchyme	-0.842736850541757	-4.22183841712427	0	0
1531	Interdigit mesenchyme	3.93690334721215	-1.25703448302698	0	0
4514	Pre-osteoblasts	-4.85667098597877	-0.31332861877632	0	0
2292	Pre-osteoblasts	-4.26222432689063	-0.647935988974093	0	0
1586	Perichondrium	0.413085092741324	2.6158950900321	0	0
1779	Pericartilaginous mesenchyme	0.257452656465842	-1.18881130464029	0	0
4590	Tendons	-3.48731649951331	-1.03975594289255	0	0
1999	Pre-osteoblasts	-4.71953261927955	-0.286975155245779	0	0
10007	Perichondrium	1.16856085224755	1.29810946934271	0	0
3201	Perichondrium	-1.66196871833198	1.00559550278235	0	0
1466	Perichondrium	-2.68915070132606	2.12535005562353	1	0
2642	Interdigit mesenchyme	2.79051577015526	0.62563746922064	0	0
5058	Perichondrium	0.392409880596473	2.50020009033728	0	0
4164	Dermis	5.50068603916772	-1.81205934531641	0	0
8127	Tendons	-1.81171036795966	-0.894246997904299	1	0
6723	Pericartilaginous mesenchyme	0.380605389314963	-3.72900432593775	0	0
1470	Perichondrium	-1.25881541804664	-0.898471655916689	0	0
1207	Pericartilaginous mesenchyme	0.946007599073722	-1.66257828719568	0	0
4601	Interdigit mesenchyme	2.96653114719994	1.00822072975683	0	0
2803	Perichondrium	1.61010025902398	2.01964407913733	0	0
5685	Perichondrium	-0.844231794637368	1.48980074875403	3	0
1800	Perichondrium	1.65745448036797	1.5382390593772	1	0
4662	Interdigit mesenchyme	2.37228523655541	-1.06879097468805	0	0
6704	Perichondrium	-0.459451268476174	1.37585001938391	0	0
9588	Pre-osteoblasts	-4.76991761760108	-0.104289087128161	0	0
5440	Interdigit mesenchyme	2.18444954319604	1.31300920002508	0	0
4959	Tendons	-2.19415844516151	-2.37925213820886	0	0
2195	Pericartilaginous mesenchyme	-0.920029412072823	-4.29231971747827	0	0
4771	Tendons	-1.04993493394248	-0.678599628281115	0	0
4710	Perichondrium	-1.81273580626838	2.45214563362646	1	0
1155	Perichondrium	-0.64369762973182	2.04279261581946	0	0
5049	Dermis	4.5458191530288	-2.47918957717371	0	0
3997	Interdigit mesenchyme	2.89995395107873	1.03469472878027	0	0
4025	Pericartilaginous mesenchyme	-0.147576148670838	-1.15755278117609	0	0
6676	Pericartilaginous mesenchyme	2.19182382984765	-2.8067762280221	0	0
1060	Perichondrium	0.846917797762229	1.47473972790289	0	0
1520	Perichondrium	-2.23811472491615	1.217378911901	2	1
4061	Tendons	-3.10401905612342	-1.36780321843576	0	0
14708	Chondrocytes	-5.64361203746192	3.73942214005041	134	14
6615	Pericartilaginous mesenchyme	0.663972009855582	-2.41648000724268	0	0
4074	Perichondrium	1.61400937004693	1.05777543537665	0	0
13254	Pre-osteoblasts	-5.39548171595924	0.150226352143766	0	0
1165	Dermis	4.42998110218651	-0.780818405222414	0	0
4667	Chondrocytes	-3.67575276927345	3.54034691803503	16	0
5323	Perichondrium	1.77034794254906	0.530635354447843	0	0
2988	Perichondrium	-1.31471801833503	1.24553781502295	2	0
3663	Interdigit mesenchyme	2.70299564762719	3.29303294174719	0	0
4291	Muscle connective tissue	2.81583439274438	-4.60721320159387	1	0
1444	Perichondrium	-1.42068649367683	-0.874837251972674	0	0
5464	Dermis	5.51305996342309	-2.59886092193079	0	0
7460	Pericartilaginous mesenchyme	-0.299253101509736	-4.89237755782556	0	0
6977	Pericartilaginous mesenchyme	0.342437853056266	-3.46998161323023	0	0
5070	Chondrocytes	-5.29816735820167	2.59448557846594	35	5
1541	Perichondrium	-1.34162450866096	1.31132238857794	0	0
1876	Perichondrium	1.62714563770898	0.604245779443266	2	0
3635	Perichondrium	-1.37657333449714	1.97273570053625	0	0
4200	Perichondrium	0.117148493367507	2.77426129334021	0	0
10816	Dermis	4.29330669804223	-3.33185070998621	0	0
6378	Chondrocytes	-4.5051947935044	2.32086378090429	12	0
6190	Pre-osteoblasts	-4.07623208598487	-0.146441134285448	0	0
1020	Perichondrium	0.539036561685874	3.37779360764074	0	0
5879	Muscle connective tissue	2.85573016567834	-4.50815075881433	0	0
6545	Pericartilaginous mesenchyme	1.51982747479089	-4.26023835189295	0	0
3107	Interdigit mesenchyme	2.57924615307458	0.789115366864683	0	0
3392	Interdigit mesenchyme	2.59798418446191	1.59300499908972	0	0
7429	Dermis	4.93526779575951	-2.79118865973902	0	0
2157	Perichondrium	0.481790055471732	2.78938156120825	0	0
1139	Interdigit mesenchyme	2.83913527889855	1.43429118149328	0	0
4502	Tendons	-2.45242823199622	-1.49849802501154	0	0
2273	Dermis	5.97759710713036	-2.21609241015863	0	0
4527	Perichondrium	-3.29952038363807	0.814419445920469	1	0
1253	Pericartilaginous mesenchyme	2.15445934696801	-3.19167965896082	0	0
3946	Perichondrium	-1.95015121535651	0.578717884946348	0	0
2517	Perichondrium	-1.21454108790748	1.32663494103003	1	2
5715	Pericartilaginous mesenchyme	0.165566434103324	-2.60916990287256	0	0
6723	Pericartilaginous mesenchyme	2.34049879475243	-3.30178255088281	0	0
3332	Muscle connective tissue	3.21485530300744	-3.68152898795557	0	0
2160	Chondrocytes	-5.43202127055518	3.17642932884741	25	5
5152	Pre-osteoblasts	-4.31675351695411	0.279537079263212	1	0
1339	Chondrocytes	-3.48021544055335	2.6501489257102	3	1
3402	Perichondrium	0.537549246984794	3.31333833687353	0	0
5960	Pericartilaginous mesenchyme	1.71760569973595	-2.90874499328089	0	0
8343	Muscle connective tissue	2.00239907665856	-4.07848900802088	0	0
1149	Perichondrium	-1.53286613063209	2.91627055161047	0	0
1261	Perichondrium	0.242921997743918	-2.38172680385065	0	0
6204	Tendons	-2.8941701753556	-1.56805294997644	0	0
5645	Interdigit mesenchyme	3.02506171627648	2.12962084763098	0	0
7386	Chondrocytes	-4.78751243190162	1.58508831017065	18	0
4405	Pericartilaginous mesenchyme	1.24275802536614	-3.02279442794275	0	0
6735	Dermis	5.1992353097976	-2.40807599074793	0	0
6410	Interdigit mesenchyme	1.15472172661431	2.69376426689673	0	0
3021	Perichondrium	0.317004491525962	2.76074510567236	0	0
1588	Pericartilaginous mesenchyme	-0.408592145007775	-4.21339363105249	0	0
1597	Chondrocytes	-2.02835525111549	3.42595916740942	4	0
6864	Pericartilaginous mesenchyme	2.36816226406701	-2.68033451087427	0	0
4870	Interdigit mesenchyme	2.30941878719933	-0.869996997189043	0	0
2764	Pre-osteoblasts	-5.56213296489112	0.149192688394071	0	0
4342	Tendons	-2.38011683062904	-2.28875285632562	0	0
3108	Dermis	4.23779856129296	-0.628009306859492	0	0
5881	Tendons	-2.62469352321021	-1.40295189864588	2	0
1182	Chondrocytes	-3.67447293834083	4.19479113571692	5	0
4427	Dermis	4.22531830235131	-0.556636887263773	0	0
1293	Perichondrium	-0.72902352647178	2.38863497726965	1	0
2283	Interdigit mesenchyme	2.31252442761071	-0.305199804377077	0	0
2864	Chondrocytes	-1.26651490764015	2.84139924995947	3	0
4431	Interdigit mesenchyme	1.9871832029403	2.85916715614844	1	0
8198	Chondrocytes	-5.55685628489845	3.01591568939734	93	11
1149	Pericartilaginous mesenchyme	2.63484727306969	-3.73759550101709	0	0
5996	Pericartilaginous mesenchyme	0.503590871530845	-4.60700863845301	0	0
5046	Tendons	-2.22187770442359	-0.850138756107806	1	0
3794	Perichondrium	0.0376594857753058	-0.346108796667574	0	0
6958	Muscle connective tissue	2.71414123936303	-4.28441661841822	0	0
8758	Interdigit mesenchyme	2.21689497395165	1.1238878344779	0	0
4767	Perichondrium	0.264531304079368	1.56764358036566	0	0
7290	Muscle connective tissue	2.2226670877517	-4.16560453422022	0	0
3984	Pericartilaginous mesenchyme	0.135760267216041	-1.06059426314783	0	0
2229	Muscle connective tissue	2.48488508625634	-3.691636505198	0	0
6731	Pericartilaginous mesenchyme	1.13559376164086	-3.13709396369409	0	0
1453	Pre-osteoblasts	-4.51563037471168	-0.287663819860934	0	0
4159	Perichondrium	-2.10326040820472	0.385442731309415	0	0
1385	Perichondrium	0.00883338316090304	2.36263638489294	0	0
1417	Chondrocytes	-4.83708060817115	2.53834563248205	10	0
5604	Perichondrium	-0.496069888633416	1.0910395955329	0	0
4275	Interdigit mesenchyme	3.49867712422021	0.362106201577665	0	0
5045	Interdigit mesenchyme	1.14485989971764	3.1064489459281	0	0
4831	Pre-osteoblasts	-4.25544799403541	-0.142839106392382	0	0
3555	Perichondrium	0.949385155874564	2.80739098541784	0	0
3600	Chondrocytes	-3.97522843913429	2.85321718208838	17	1
1480	Interdigit mesenchyme	2.60317431851037	0.480276760983946	0	0
1216	Interdigit mesenchyme	2.95349489613183	0.577396211553098	0	0
4976	Pre-osteoblasts	-4.51795495585792	0.101921317506315	0	0
2441	Dermis	5.79250179691918	-2.36364633090448	0	0
1677	Dermis	5.78360544605859	-2.38688475139093	0	0
2617	Perichondrium	-1.77434254721992	2.31960373871374	0	0
8309	Muscle connective tissue	3.7399314539016	-4.12076086051416	0	0
5455	Pericartilaginous mesenchyme	-0.500029425185845	-4.68278283126306	0	0
1312	Interdigit mesenchyme	2.41150247021325	1.68221527092505	0	0
3649	Perichondrium	-0.447319488090203	2.01792484276343	0	0
1295	Interdigit mesenchyme	2.10833989544518	3.13386374466467	0	0
1449	Pre-osteoblasts	-4.5657326085984	-0.561548503708361	0	0
3865	Pericartilaginous mesenchyme	0.0803445921719809	-3.30119818694544	0	0
5260	Dermis	4.5581973688186	-0.974730613302706	0	0
2840	Interdigit mesenchyme	1.44139574928887	2.72091704361487	0	0
5716	Muscle connective tissue	3.0704237119735	-4.59488743789148	0	0
5281	Tendons	-1.44063008860938	-0.963883402418612	0	0
6518	Pericartilaginous mesenchyme	0.743695606428458	-2.01047307498407	0	0
2533	Pericartilaginous mesenchyme	0.566837300497367	-2.35727948195886	0	0
2360	Tendons	-1.58747268752448	-1.28544569261026	0	0
6880	Dermis	4.3017743722976	-0.682852628302096	0	0
1066	Perichondrium	-0.412489573520348	3.17302351944494	0	0
8439	Muscle connective tissue	1.89132903977044	-4.11354154593897	0	0
5964	Pre-osteoblasts	-4.33853782252662	0.163058874536039	2	0
2543	Perichondrium	-0.452587048572228	2.93755703918982	0	0
2716	Perichondrium	0.561524261671378	0.564145264554502	0	0
6275	Pre-osteoblasts	-4.08088124827735	0.19257181637335	0	0
1188	Perichondrium	1.73269080086358	0.430660543370725	0	0
6040	Pericartilaginous mesenchyme	0.760093678671195	-2.32571667678308	0	0
2115	Chondrocytes	-5.13310922221534	3.28806859009314	16	3
4177	Interdigit mesenchyme	2.04430233402856	3.0133925055747	0	0
1073	Dermis	5.32764421864159	-1.77591198928308	0	0
3641	Perichondrium	1.39382492466576	-0.417344058525084	0	0
1569	Pericartilaginous mesenchyme	0.520105113226249	-3.9401089573617	0	0
9188	Interdigit mesenchyme	2.62483941479333	-1.05158776290369	0	0
2758	Interdigit mesenchyme	2.50476919575341	3.36123066895056	0	0
2798	Interdigit mesenchyme	2.4264606134475	-0.105390819382189	0	0
1863	Dermis	5.70887457295068	-2.09676629550409	0	0
5616	Pericartilaginous mesenchyme	-0.951426873963998	-4.26328748710108	0	0
2289	Pericartilaginous mesenchyme	-0.842380712789224	-4.08075183875513	0	0
4784	Interdigit mesenchyme	2.81781660481103	2.68540245049048	0	0
6456	Pericartilaginous mesenchyme	-0.512644003194497	-3.94450253493738	0	0
3721	Chondrocytes	-5.09839690760963	2.65346914284277	37	2
3826	Interdigit mesenchyme	1.2710411445678	3.2951651191001	1	0
5598	Chondrocytes	-2.64088381366126	3.75322228424597	10	3
5118	Muscle connective tissue	2.42393862171776	-4.04393404967737	0	0
8114	Interdigit mesenchyme	3.35038553639062	1.67188077919531	12	0
2771	Pericartilaginous mesenchyme	-0.0196877299367647	-0.980108323168276	0	0
9343	Dermis	5.15391050739892	-2.68323248870325	0	0
4217	Chondrocytes	-2.67809523181312	3.79924994461584	10	0
8524	Dermis	5.19446073933251	-1.98499435431909	0	0
4691	Chondrocytes	-5.08781684474342	2.64859586708594	24	0
3491	Muscle connective tissue	2.88916002674706	-3.7432722473855	0	0
1732	Chondrocytes	-2.84497202472083	2.27915864937353	1	0
1189	Perichondrium	0.66446613236077	0.291587350297453	0	0
4122	Tendons	-2.23804892138831	-2.84146732337427	0	0
2424	Interdigit mesenchyme	1.55417429371484	2.93715244286108	0	0
2040	Muscle connective tissue	3.04083405895837	-4.55148142821741	0	0
1444	Perichondrium	-2.6030918462693	1.73298984520483	2	0
1161	Perichondrium	0.666600336271598	0.933980045247556	0	0
2143	Perichondrium	0.748436381059959	2.20515662186194	0	0
9551	Interdigit mesenchyme	4.43197237415917	-1.32914597041559	0	0
2720	Perichondrium	0.687366832929923	1.5448650693183	0	0
1364	Perichondrium	-0.216596956413911	-0.168043690394877	0	0
3710	Perichondrium	1.35483514233239	0.390099344182493	1	0
6275	Chondrocytes	-4.60221255854957	2.46852284424353	13	1
3401	Perichondrium	0.412316252428367	2.83834129326391	0	0
6873	Interdigit mesenchyme	2.66250049038537	2.70083290092993	0	0
4573	Pre-osteoblasts	-3.47476614550941	-0.878698738884447	1	0
4001	Pericartilaginous mesenchyme	0.601678778368308	-2.82436126716089	0	0
3171	Interdigit mesenchyme	3.17004882259972	1.79172688477087	0	0
2804	Interdigit mesenchyme	2.60935055180199	0.938694057393552	0	0
2003	Perichondrium	0.543489088255241	3.31551509850073	0	0
3052	Perichondrium	0.224460025268867	0.366963562894346	1	0
3351	Perichondrium	-0.0284070177494745	3.33215051643896	0	0
2434	Pre-osteoblasts	-4.13145841197364	-0.606849285435198	0	0
9228	Pericartilaginous mesenchyme	2.4847143785537	-2.63834160811853	0	0
2065	Pericartilaginous mesenchyme	0.332348038393333	-3.94560712821436	0	0
1732	Pericartilaginous mesenchyme	0.119129975277259	-3.88027304656458	0	0
3202	Interdigit mesenchyme	2.648253311354	3.20651298515845	0	0
3951	Chondrocytes	-4.83009542064063	1.26131349556494	9	1
2246	Pericartilaginous mesenchyme	-0.306007201832459	-4.59531754500818	0	0
3326	Perichondrium	-1.38332046107642	2.60985594742346	0	0
1104	Chondrocytes	-2.6141830785691	2.49095827095556	2	0
1162	Chondrocytes	-4.61525024012916	3.16951685898352	2	2
2226	Interdigit mesenchyme	1.37570427818902	-0.062351795505999	0	0
1036	Dermis	5.88665806217797	-2.33499640471887	0	0
2325	Dermis	5.32177435322411	-2.39000100142908	0	0
3419	Perichondrium	-2.47470415667884	1.12363487236548	2	0
1082	Pericartilaginous mesenchyme	0.687697638708427	-2.09358257300806	0	0
2279	Perichondrium	-1.97587157325141	0.41745716087866	0	0
2966	Perichondrium	0.227517087894752	2.91198926918554	0	0
3240	Perichondrium	0.0371633963168402	1.80599075310278	0	0
12899	Pericartilaginous mesenchyme	0.126930405336692	-2.37535935885858	0	0
3881	Muscle connective tissue	1.76903234882958	-4.24978202826929	0	0
2740	Pericartilaginous mesenchyme	1.20371030731805	-2.8479184532876	0	0
4487	Pericartilaginous mesenchyme	0.322898973661735	-2.11757892615747	0	0
1879	Pericartilaginous mesenchyme	2.29889213009484	-2.88668960578394	0	0
3493	Chondrocytes	-1.41724504069679	3.36057597153235	2	0
2172	Chondrocytes	-1.64934290484779	3.02534657471228	1	0
3779	Pericartilaginous mesenchyme	1.66837262077935	-3.82070106513452	0	0
4007	Chondrocytes	-2.13498366908424	3.29835778229284	6	0
1107	Perichondrium	-0.846833716195748	0.796885189939024	0	0
4950	Pericartilaginous mesenchyme	0.666023244100883	-4.4220311070199	0	0
2018	Pericartilaginous mesenchyme	-1.01438553170554	-1.99628120906305	0	0
4575	Dermis	3.69025050564416	-1.63572460658502	0	0
9789	Muscle connective tissue	3.0264693395675	-4.44952935225916	0	0
2111	Pericartilaginous mesenchyme	0.341382046181037	-1.74053353316736	0	0
3421	Dermis	5.48246942921288	-1.8231290007348	0	0
1564	Perichondrium	-1.26987732486121	0.391259012151243	0	0
4626	Chondrocytes	-5.32591498927467	2.94847756378699	39	2
6865	Chondrocytes	-4.609474788469	2.64308219902563	17	3
3349	Pericartilaginous mesenchyme	0.0650463448346396	-1.40934962279749	0	0
2124	Pre-osteoblasts	-4.85293115214698	1.15180271618414	0	0
2805	Perichondrium	-0.181101935964749	2.04341250412512	0	0
8662	Interdigit mesenchyme	2.77277313633568	-0.87880161650133	0	0
3093	Chondrocytes	-3.49547422961585	2.38572197907019	2	0
2140	Dermis	4.44394575520165	-3.07279986388635	0	0
6024	Interdigit mesenchyme	0.673122097688987	2.95834094040442	0	0
3255	Interdigit mesenchyme	2.28460155888207	3.7918212985282	0	0
2793	Perichondrium	-2.73138345317237	0.471314368176939	0	0
7743	Pre-osteoblasts	-5.19310678080909	0.212908086705686	0	0
1438	Chondrocytes	-4.98733008937232	3.03732639305639	4	1
2976	Perichondrium	1.35352860851891	-0.730815055441378	0	0
1322	Chondrocytes	-3.94222916201942	2.67422467224646	6	0
6137	Pericartilaginous mesenchyme	-0.0892664213224511	-3.76215523726892	0	0
3349	Perichondrium	-2.19424880580299	0.178713855672361	0	0
2898	Dermis	6.33377634449609	-1.96852296836328	0	0
2382	Chondrocytes	-3.49159563617103	3.41710120194006	5	4
1337	Perichondrium	-2.167739997667	0.298341927457334	0	1
3635	Pericartilaginous mesenchyme	0.261363943058326	-1.5760963583703	0	0
1873	Pericartilaginous mesenchyme	1.59729622765191	-4.02381080634546	0	0
6966	Muscle connective tissue	2.74607693119652	-4.14673775680017	0	0
6181	Pericartilaginous mesenchyme	0.46836166544564	-0.62325203664255	0	0
4949	Dermis	3.85579096241601	-0.805344017815111	0	0
4593	Chondrocytes	-3.66172898845069	3.25596624367285	11	0
4486	Chondrocytes	-2.27755869464271	3.5066478823905	8	1
3681	Interdigit mesenchyme	1.16203628941186	2.94113999359656	0	0
2197	Muscle connective tissue	2.60275541706689	-4.56183880813074	0	0
4546	Interdigit mesenchyme	2.40931450291283	2.55775528900671	0	0
5581	Interdigit mesenchyme	2.18400823040612	3.76575356476355	0	0
4356	Interdigit mesenchyme	1.70038496418603	3.335622844625	0	0
1514	Pericartilaginous mesenchyme	-0.649850796025918	-2.48362082488489	0	0
6098	Pericartilaginous mesenchyme	-0.561823318761514	-3.71126717574549	0	0
2850	Pericartilaginous mesenchyme	0.102582325178458	-1.47936338431787	0	0
2790	Perichondrium	0.464477230745627	1.40779357903052	0	0
1382	Perichondrium	1.06667672558434	1.99572258942175	0	0
1933	Dermis	5.44812857075341	-2.7568711663003	0	0
3499	Interdigit mesenchyme	1.98072039051659	-0.912427964281557	0	0
1303	Interdigit mesenchyme	2.71423207684167	3.60352235786963	0	0
7399	Pericartilaginous mesenchyme	2.46136175556786	-2.31865018851709	0	0
2113	Interdigit mesenchyme	3.05125676556237	2.10376316063452	0	0
1984	Interdigit mesenchyme	3.07406341000207	0.837042508054258	0	0
1654	Muscle connective tissue	3.75426446362145	-3.91263240821314	0	0
1547	Chondrocytes	-4.87743104533546	3.79154473297644	19	1
3546	Perichondrium	0.176567007738425	1.68489008896399	0	0
8022	Pre-osteoblasts	-4.82574666575782	1.14397746079016	12	1
1414	Perichondrium	0.263021339613273	-0.110797556709765	0	0
1775	Perichondrium	1.46238397522576	1.9498167609458	0	0
1632	Dermis	5.66657577915795	-2.06670469291162	0	0
3805	Tendons	-1.98559118346565	-1.31356948859644	0	0
3788	Chondrocytes	-2.2958282335221	3.24071675293493	2	0
5560	Interdigit mesenchyme	2.58872329159386	-1.12362611539316	0	0
2788	Perichondrium	-1.37207258777015	0.814081606793882	0	0
2969	Chondrocytes	-1.28452516631477	3.63707762711096	4	0
6713	Tendons	-2.3492790563523	-2.83960885055017	0	0
2110	Pericartilaginous mesenchyme	-0.587945262950585	-2.21730154998255	1	0
1335	Tendons	-2.49966562823646	-2.74414605147791	0	0
3532	Perichondrium	-1.11514450148933	2.1203637694602	2	0
6510	Pericartilaginous mesenchyme	1.44717799587853	-2.93363565452051	0	0
2685	Perichondrium	-0.740315447610543	2.99901443474341	1	0
4164	Chondrocytes	-5.00982583598487	3.21548729889441	34	1
5518	Tendons	-2.34450019435279	-2.37386328227472	1	0
4744	Perichondrium	-1.65356339053504	1.88615494720984	0	0
3492	Chondrocytes	-3.74347389773719	2.40469604485083	2	0
1440	Interdigit mesenchyme	2.32420741482384	2.15352731697607	0	0
5190	Interdigit mesenchyme	2.63646279736169	1.0998342608695	0	0
2471	Tendons	-2.53923214511268	-1.49569612986994	0	0
7871	Pericartilaginous mesenchyme	-0.715047071736977	-4.66245860106897	0	0
2285	Chondrocytes	-4.59051908091895	3.08246046059179	9	1
2845	Interdigit mesenchyme	3.32401691837914	1.02314322941351	0	0
2048	Tendons	-2.28122795657508	-2.47924965865564	0	0
2789	Pericartilaginous mesenchyme	-0.627307663720773	-2.24824244029474	0	0
3631	Tendons	-0.253384838861154	-0.180518078279017	0	0
1940	Perichondrium	0.506557215887382	0.745125112462522	0	0
2827	Interdigit mesenchyme	1.79244576855309	3.07483106606054	0	0
3320	Muscle connective tissue	2.74158631725915	-3.79534930236292	0	0
6097	Perichondrium	0.728886474806144	1.02357941620398	0	0
1742	Perichondrium	1.03260981007226	1.40685719006109	0	0
1439	Perichondrium	-0.702572952073739	1.9721236800437	0	0
11922	Chondrocytes	-5.45762408809058	3.13263755791235	135	12
4727	Pericartilaginous mesenchyme	2.22566758556969	-4.69051569945764	0	0
3971	Pre-osteoblasts	-4.54149831370704	1.19023304932165	3	0
1223	Dermis	5.86787496967919	-2.2381110811944	0	0
5237	Interdigit mesenchyme	1.33382629318841	2.31606226913977	1	0
3713	Perichondrium	-1.09896362857215	3.07686739914465	0	2
3542	Dermis	6.03605114384301	-2.14796442038965	0	0
3839	Chondrocytes	-3.99846471385352	3.10731631271887	13	2
6359	Tendons	-2.23548711375587	-2.58804053313684	0	0
2294	Dermis	5.74479566975243	-1.73408085353327	0	0
7628	Pericartilaginous mesenchyme	1.00367485447533	-3.67928737647486	0	0
1831	Chondrocytes	-2.80432475642555	4.26110011093664	3	1
2184	Chondrocytes	-2.30847395495765	4.18774395935583	6	0
7039	Chondrocytes	-5.79024089412086	3.65032607071448	46	4
4354	Pre-osteoblasts	-4.60118783549659	-0.0124865496869072	0	0
1518	Pericartilaginous mesenchyme	-0.546415369075463	-3.48031419761133	0	0
9725	Dermis	5.16758047505028	-2.29695505149317	0	0
1448	Perichondrium	-1.43523813323371	0.613982734609129	1	0
4485	Muscle connective tissue	2.67262493534692	-4.60588234908533	0	0
11010	Perichondrium	-0.0507404944419126	2.93527942650366	3	1
5555	Pericartilaginous mesenchyme	-0.702698241037057	-2.18765276915979	0	0
5849	Interdigit mesenchyme	1.98929726048119	3.02591997139502	0	0
1016	Perichondrium	-0.513705591720269	2.47191267960119	0	0
2814	Perichondrium	-2.60501898364417	2.06709295265722	2	0
5900	Pre-osteoblasts	-5.14582837657325	0.236378786492826	0	0
1111	Tendons	-3.08584440783851	-1.14360589034509	0	0
1956	Interdigit mesenchyme	3.79326497479089	-0.0926589394326194	0	0
2391	Tendons	-1.26904548243873	-0.850471081804751	0	0
8235	Interdigit mesenchyme	3.25625597401269	0.141504225659849	0	0
3558	Chondrocytes	-3.92029870585792	3.38938027374792	8	1
2198	Perichondrium	-1.62159026698463	2.8505678748374	0	0
3078	Chondrocytes	-2.44301498965614	2.87046509735632	3	2
7930	Perichondrium	-2.58083189563148	1.47502785675574	3	0
3016	Chondrocytes	-3.27398289279334	2.06795078270483	4	2
4837	Chondrocytes	-4.84091628627174	2.55294519417334	45	0
4819	Chondrocytes	-4.93372119502418	3.96457940094519	39	4
6517	Chondrocytes	-4.6334496839463	2.40129023544836	22	0
7233	Tendons	-2.12585891322486	-0.195248785089968	1	0
1554	Perichondrium	-2.50822366313331	1.91967159264136	2	0
3510	Chondrocytes	-2.73130715922706	2.47114401810217	3	1
9756	Pericartilaginous mesenchyme	-0.743224571508096	-4.43521613128137	0	0
3405	Chondrocytes	-2.2723234994828	3.09780102722693	3	1
15671	Tendons	-2.37361825541847	-2.86292642600489	0	0
4811	Interdigit mesenchyme	2.38209639950402	3.60311370842505	0	0
10898	Pericartilaginous mesenchyme	1.79977141781457	-3.11540693290186	0	0
4091	Pericartilaginous mesenchyme	-0.124181292068885	-0.731462361883639	0	0
1149	Interdigit mesenchyme	3.18389307423241	1.85929995529699	0	0
1814	Pericartilaginous mesenchyme	-0.0765570039420585	-1.32934367902231	0	0
1342	Dermis	4.92834316654809	-2.79358643538904	0	0
2895	Perichondrium	1.27538978024132	0.326793429780485	0	0
8584	Dermis	4.26260982914574	-0.776576104235171	0	0
5127	Pre-osteoblasts	-4.17065538005225	0.182283995080473	1	0
4135	Perichondrium	-1.61255646781318	2.73553615562964	7	1
4142	Interdigit mesenchyme	2.41246806545861	-1.18275749928903	0	0
2625	Perichondrium	1.20676194592126	0.649076876569273	0	0
9636	Interdigit mesenchyme	2.10192428990014	-0.480440186929224	0	0
1617	Pre-osteoblasts	-4.36229766444557	-0.270590583455084	0	0
1196	Perichondrium	-2.69759739474647	2.32218223564673	0	0
2777	Perichondrium	-3.04623688296668	-0.913985016417025	0	0
2891	Chondrocytes	-2.29472650126807	2.88896304123449	3	1
4376	Chondrocytes	-4.59110702113502	2.81529813759375	14	2
4770	Pericartilaginous mesenchyme	-0.0128538413464288	-2.71890682227564	0	0
1693	Tendons	-2.46582449511878	-1.39983994014215	0	0
6396	Pericartilaginous mesenchyme	-0.340091954034493	-4.4472882176156	0	0
3682	Perichondrium	-0.160578581553624	3.24324089043188	1	0
6419	Pre-osteoblasts	-4.3802439077317	-0.0390419388527855	0	0
3799	Perichondrium	0.865402628618552	2.66086464874792	0	0
1633	Pre-osteoblasts	-3.29741729335182	-0.762944074940203	0	0
3898	Pre-osteoblasts	-4.53691209391944	-0.194993885826586	0	1
2466	Dermis	4.87953792973168	-2.12944954879236	0	0
4933	Pericartilaginous mesenchyme	0.586777676779105	-3.86755723006677	0	0
3764	Perichondrium	0.881600667673423	2.81113320343542	0	0
3496	Interdigit mesenchyme	1.89263211651452	2.54039078705359	0	0
1290	Perichondrium	-0.336980189245866	2.88128071777868	0	0
3006	Muscle connective tissue	3.9278296129287	-3.64571327216577	0	0
1459	Perichondrium	-0.291749055546449	3.55701738350439	0	0
6990	Muscle connective tissue	4.11816059513695	-3.50106710441065	0	0
1916	Perichondrium	0.127553810316398	1.6899028395896	0	0
2673	Chondrocytes	-5.27656091288917	3.09750944130469	22	3
3269	Pre-osteoblasts	-4.12043965892188	-0.476660768162726	0	0
4630	Chondrocytes	-5.41166366176002	3.24721699707556	24	2
2274	Perichondrium	-0.214094790679143	1.97931271545935	0	0
1897	Pre-osteoblasts	-4.75466264323585	-0.48741536833	0	0
2134	Pre-osteoblasts	-3.93104518489234	0.0940473651175515	0	0
3872	Tendons	-0.157301462304519	0.000697789121152537	0	0
4879	Tendons	-2.12903369502418	-2.38555556781244	0	0
2859	Chondrocytes	-1.60788835124366	3.02435546867895	2	0
5144	Chondrocytes	-2.78180135325782	3.83073264114905	19	2
2037	Tendons	-2.32494963244788	-2.84605592734766	0	0
1286	Perichondrium	-1.8592044218003	1.09877043716955	1	0
3894	Tendons	-1.76162780360572	-1.17332208402109	2	0
3858	Chondrocytes	-2.47324479655616	3.28024226181555	9	2
1055	Perichondrium	-1.2103664977967	1.7899582957511	0	0
5647	Perichondrium	0.844405402380302	-0.334586537104367	0	0
3959	Pericartilaginous mesenchyme	2.2163239614547	-4.0195857907052	0	0
2599	Perichondrium	0.0684907780469199	1.65239339821386	0	0
3871	Chondrocytes	-3.96578396396034	2.36278730385351	9	1
2007	Perichondrium	-0.946435104173348	1.30693822853613	0	0
2331	Chondrocytes	-1.68579674796455	3.41488438599157	2	0
2642	Interdigit mesenchyme	2.29276977940209	1.77999478333044	0	0
1494	Perichondrium	0.618093897539451	2.71679717056799	0	0
8634	Pericartilaginous mesenchyme	-1.21791483001106	-3.64673871047449	0	0
7384	Chondrocytes	-4.33484424189918	3.70850831024695	50	4
1731	Dermis	5.76304279728539	-1.74075705058527	0	0
1754	Tendons	-1.51399386958473	-1.76727050788355	0	0
1404	Interdigit mesenchyme	1.64285170002587	2.13984614365149	0	0
4095	Dermis	6.19243847294457	-2.04706090934229	0	0
4953	Dermis	4.76032053394921	-2.33504098899317	0	0
1943	Interdigit mesenchyme	2.83626066609032	0.760767397809507	0	0
6165	Muscle connective tissue	3.08090816898949	-4.54558962829065	1	0
2932	Perichondrium	-0.436088691514657	3.58614498131323	3	0
3108	Perichondrium	0.393826444584205	2.4515314673667	0	0
4163	Perichondrium	-0.319946075838731	3.13003331177282	0	0
5576	Dermis	5.94813286228783	-2.06042546279383	1	0
1127	Chondrocytes	-5.51348508433692	3.0018756961112	9	0
4136	Chondrocytes	-5.01167214946143	2.53767615311194	23	1
3043	Tendons	-2.52313531474464	-2.09214431292963	0	0
2589	Perichondrium	0.623091627794578	-0.324034216475008	0	0
4038	Interdigit mesenchyme	2.04299603863366	3.31634789459753	0	0
12031	Dermis	6.33570896549828	-1.93390554435205	0	0
2861	Chondrocytes	-3.23948348597877	2.6508460616355	0	1
1212	Chondrocytes	-4.02826655940406	3.64664631836462	2	0
2233	Perichondrium	0.347523887592628	2.95479613297033	0	0
5491	Perichondrium	-2.88248861865394	2.1190152739768	8	0
2820	Pericartilaginous mesenchyme	-0.168767514687703	-4.7592155361886	0	0
4103	Chondrocytes	-2.99021352366798	3.76944523804236	6	0
1422	Pericartilaginous mesenchyme	0.496341158586814	-2.95369690902185	0	0
7640	Interdigit mesenchyme	2.47883426113732	-0.639793487858294	0	0
4169	Chondrocytes	-1.74686647490852	3.10039192192602	3	0
2531	Perichondrium	0.382890780407264	0.201888916421415	0	0
5002	Interdigit mesenchyme	2.43642198010094	3.25047188751745	0	0
6281	Dermis	5.62286793156274	-2.51237744338465	0	0
4393	Pericartilaginous mesenchyme	-0.726693521302865	-4.43515986449671	0	0
3339	Interdigit mesenchyme	2.82963930531151	2.45507079117346	0	0
4550	Perichondrium	-1.58201778964393	2.061124381948	3	0
8675	Perichondrium	0.971076478201224	3.03948050491858	0	0
3261	Interdigit mesenchyme	3.06021796627648	0.994100508618833	0	0
3480	Pericartilaginous mesenchyme	2.3729618684829	-1.84596520907831	0	0
3912	Pre-osteoblasts	-4.45801461772315	-0.301527979444979	0	0
2626	Pre-osteoblasts	-5.40160239772193	0.154090819287779	0	0
8316	Pre-osteoblasts	-4.40882457332008	0.152088103223325	3	0
1931	Perichondrium	-1.14544201926582	1.95156723015356	1	0
3282	Dermis	6.2752793924392	-1.8875650788064	0	0
2212	Interdigit mesenchyme	3.37834822102196	0.973340926099302	0	0
4037	Perichondrium	1.39396761818536	0.34959405415106	0	0
4256	Pre-osteoblasts	-3.93244160251014	-0.337239878844736	0	0
3918	Tendons	-1.52739192084663	-1.46800083167505	0	0
9453	Pericartilaginous mesenchyme	0.435605575281455	-4.37611955649805	0	0
6087	Tendons	-2.09706188277595	-3.03977364547205	0	0
6777	Interdigit mesenchyme	2.27785931988366	2.83023935310888	0	0
2158	Tendons	-2.00194014148109	-1.92803889758539	0	0
2978	Dermis	4.45347200794823	-3.50141376502466	0	0
3981	Interdigit mesenchyme	2.38974749012597	0.825510916638853	1	0
1772	Perichondrium	-2.74074162082069	1.24186926834631	3	0
14452	Pericartilaginous mesenchyme	1.20610510273583	-2.72963899619531	0	0
2769	Pericartilaginous mesenchyme	-0.077752088245676	-1.13812995202494	0	0
4077	Pericartilaginous mesenchyme	0.234901179510428	-0.835790636610506	0	0
11162	Chondrocytes	-4.49901975230567	3.5142014598136	16	6
3305	Perichondrium	-0.325925971430467	3.68563061707068	0	0
5977	Perichondrium	1.07733200951226	0.732656536031248	1	0
1606	Dermis	6.16749655171044	-1.87153011805963	0	0
11751	Interdigit mesenchyme	1.31552051468499	2.93395429604101	0	0
4772	Perichondrium	-2.33422149257057	1.54393106453467	2	0
2735	Interdigit mesenchyme	2.94595252438195	-0.541439207863329	0	0
3193	Chondrocytes	-3.1812943323075	3.01550107948828	9	1
3639	Tendons	-1.76372779445045	-0.966573896479128	0	0
2584	Pericartilaginous mesenchyme	0.025673855978324	-1.11768019444895	0	0
11125	Pericartilaginous mesenchyme	-0.135914566975758	-4.76842850692224	0	0
3378	Perichondrium	-3.19928968982093	-0.944994750093935	0	0
1267	Pericartilaginous mesenchyme	3.17004667683251	-0.786756279539583	0	0
6240	Pre-osteoblasts	-4.56056274012916	-0.119560631584643	0	0
3684	Chondrocytes	-4.31137288646095	2.44817715637732	8	0
4378	Chondrocytes	-5.43696511821143	2.74256521217871	44	3
2823	Interdigit mesenchyme	2.13492881222375	-0.089956137012957	0	0
6899	Dermis	5.03459535999901	-2.22285527236414	0	0
1561	Perichondrium	1.54020642204888	2.19405966751623	0	0
1106	Pericartilaginous mesenchyme	2.25010239048608	-2.48418110854578	0	0
1232	Chondrocytes	-5.55049098567359	3.66433220856238	14	0
6426	Tendons	1.33992015286095	-3.34460252768946	0	0
1463	Perichondrium	-2.16509569720619	0.0696046923880593	0	0
3967	Perichondrium	0.838267256456687	1.49367040150213	0	0
2799	Perichondrium	1.10832046433099	2.37295132629919	0	0
6083	Dermis	4.71276747151025	-1.40919214732599	0	0
2989	Perichondrium	1.21250616474755	2.78482156746435	0	0
4681	Pericartilaginous mesenchyme	1.47122584744103	-3.4228011990304	0	0
21289	Chondrocytes	-5.82007707194679	3.65502625458288	150	26
5320	Perichondrium	0.341563989359214	0.377665636468412	0	0
1101	Pericartilaginous mesenchyme	1.0624059335769	-3.70202225692224	0	0
2944	Tendons	-2.72367323474281	-1.1361863637681	0	0
2312	Chondrocytes	-3.13017953471534	3.76708155624914	11	0
1265	Chondrocytes	-4.6668330533921	3.01071530334997	11	0
3172	Muscle connective tissue	3.75132118626244	-3.9864625359292	0	0
1801	Chondrocytes	-4.9179579122483	3.19082551949072	8	6
2556	Pericartilaginous mesenchyme	0.735570599275901	-3.89348644263697	0	0
2513	Pericartilaginous mesenchyme	0.542020966249778	-3.93580073363733	0	0
1364	Perichondrium	-4.04763854579322	2.64453965179968	3	0
4363	Chondrocytes	-3.82667530612342	2.93142777435827	15	1
2948	Perichondrium	-2.10504044131629	1.89533239357519	0	1
9067	Chondrocytes	-4.71165050105445	2.12263232224035	29	1
1520	Perichondrium	-1.03049559430473	3.46076947205115	0	0
1504	Tendons	-2.16367710666053	-2.96904963500452	0	0
5821	Pericartilaginous mesenchyme	1.16797720356591	-3.34925574309778	0	0
4559	Interdigit mesenchyme	2.30319034023888	-1.11554575211954	0	0
1045	Perichondrium	1.5750476018966	0.735901889729978	0	0
3962	Perichondrium	0.0489999846995612	0.847760019231321	0	0
5357	Pericartilaginous mesenchyme	-0.586544702809976	-4.64385098464441	0	0
3347	Dermis	5.38640629215844	-1.94048482425165	0	0
2827	Chondrocytes	-2.69252337054603	3.84673195831824	12	1
4866	Interdigit mesenchyme	1.80003987713464	3.09270912163305	0	0
3201	Dermis	4.5163625375808	-3.32831901557398	0	0
2366	Interdigit mesenchyme	2.13774644299157	1.44274681561041	0	0
3152	Perichondrium	0.461970438200309	2.73724394791174	0	0
5073	Muscle connective tissue	2.42136036320336	-4.64146536834192	0	0
2696	Tendons	-2.48042191104286	-1.35334295279932	0	0
1013	Dermis	5.56535517140038	-2.70568531997156	0	0
3685	Chondrocytes	-2.1680652006089	3.27122527115393	1	0
3422	Tendons	-2.98950232104652	-1.19428247458887	0	0
3494	Perichondrium	-1.58362592295997	2.55360060684729	0	0
1932	Chondrocytes	-5.53857101039283	3.62394839279699	25	5
1728	Chondrocytes	-2.19743264750831	3.20912700645971	4	0
3041	Chondrocytes	-2.44848621920936	3.06015497200537	4	2
1825	Perichondrium	2.16841231747277	-2.09845263011408	0	1
2399	Pericartilaginous mesenchyme	1.92516480847008	-4.56642693526697	0	0
1450	Chondrocytes	-4.12001861171119	2.87263613693762	5	1
1358	Chondrocytes	-3.9138132436692	2.42696887009192	5	0
3080	Pericartilaginous mesenchyme	0.191300530868842	-1.07397258527231	0	0
3549	Interdigit mesenchyme	2.91577564640649	2.0741642092948	0	0
6157	Pericartilaginous mesenchyme	0.440298666197135	-2.41062325484705	0	0
4382	Pericartilaginous mesenchyme	0.673932601648643	-3.57318896300745	0	0
5651	Interdigit mesenchyme	3.02544294758446	2.40416604034949	0	0
3122	Interdigit mesenchyme	3.62807618542321	0.429974791932584	0	0
4890	Muscle connective tissue	4.12601648731835	-3.62316340453577	0	0
2934	Pericartilaginous mesenchyme	0.358842988449409	-2.86827773101282	0	0
6170	Pericartilaginous mesenchyme	1.39148794575341	-3.16669672973108	0	0
2644	Perichondrium	-2.02206851081245	0.596465525556089	0	0
2864	Pericartilaginous mesenchyme	2.52278171940453	-4.48675078399134	0	0
1630	Dermis	5.19886671467431	-2.86829036719751	0	0
3958	Chondrocytes	-2.52446545199744	3.94624262802649	2	2
1319	Perichondrium	-2.0396483047425	2.09362345688391	0	0
1403	Chondrocytes	-4.44650615290992	3.50565939896155	4	1
5015	Perichondrium	0.657414843279197	3.47471195213843	0	0
6816	Pericartilaginous mesenchyme	1.28306781216271	-4.24815243728113	0	0
1535	Dermis	5.62084280415185	-1.90983706958246	0	0
1925	Pericartilaginous mesenchyme	-0.108797087383197	-2.61779278762293	0	0
2366	Dermis	4.85747181339867	-1.68401438243341	0	0
3329	Interdigit mesenchyme	2.68773995800622	2.29017239563513	0	0
2483	Chondrocytes	-2.50695098475807	2.44930296890783	4	0
8110	Pericartilaginous mesenchyme	0.645612229543998	-2.50559395797205	0	0
10368	Muscle connective tissue	2.75751172466881	-3.99563712127161	0	0
1024	Chondrocytes	-2.49769342975013	3.58821063988257	0	0
7307	Chondrocytes	-4.39189971522682	3.72453576080847	42	2
4427	Interdigit mesenchyme	2.78651844425805	2.37493282311011	0	0
7164	Chondrocytes	-4.5831190450608	1.95145064346838	17	0
1458	Chondrocytes	-2.32352365092628	3.15128260605383	0	0
3993	Tendons	-2.16518391208045	-2.96066421515894	0	0
5027	Muscle connective tissue	2.89740644856103	-4.69167250640345	0	0
2978	Perichondrium	0.729993511873557	1.49643653385687	0	0
5942	Interdigit mesenchyme	2.5389832155288	-1.0389145637269	0	0
10113	Muscle connective tissue	2.53377353115685	-4.22997349746179	0	0
1329	Pre-osteoblasts	-5.12106145457618	0.150096115994932	1	0
1527	Pericartilaginous mesenchyme	0.150917728382423	-3.65013307578516	0	0
1778	Chondrocytes	-2.51772464351051	2.51902800552893	3	1
3478	Pericartilaginous mesenchyme	3.77906500263818	-3.271630230021	0	0
3373	Interdigit mesenchyme	3.2426751749099	0.927368936467649	0	0
3635	Pericartilaginous mesenchyme	-0.125571272385047	-1.44448429591608	0	0
3661	Perichondrium	-1.34230817393653	-1.4331589365716	0	0
1406	Dermis	4.08412538929589	-0.499535950493334	0	0
1665	Perichondrium	1.25008450909264	0.395120439458372	0	0
5938	Tendons	-0.815841804307626	-3.22162860877466	0	0
1574	Interdigit mesenchyme	2.90969311161645	3.18017416946936	0	0
1365	Perichondrium	0.251718421417548	0.462422547269346	0	0
1174	Perichondrium	1.36930679245599	1.73115592949438	0	0
3377	Interdigit mesenchyme	1.73138390942223	2.74771529190588	0	0
8138	Chondrocytes	-4.92107785777442	1.51367217056799	17	0
2836	Interdigit mesenchyme	2.52721845074303	-0.491371350955485	0	0
5456	Perichondrium	1.32331489487298	3.226177034307	0	0
1396	Perichondrium	0.754425634580924	1.45210057251501	0	0
1234	Dermis	5.92213140888818	-2.19186049945307	0	0
3976	Dermis	6.18256079121239	-2.08477860934686	0	0
4036	Muscle connective tissue	3.99395262165673	-3.73643130309534	0	0
4806	Perichondrium	1.45908783836968	1.91992860786963	0	0
3649	Interdigit mesenchyme	2.66296755238183	0.0164876853709237	0	0
3226	Chondrocytes	-4.75698340968482	1.69524436943579	6	1
7663	Pre-osteoblasts	-3.31444395617835	-0.226110147904871	0	0
6699	Chondrocytes	-2.50575746135108	2.88646727554846	5	0
1367	Perichondrium	-0.0965945346306274	2.80985313408423	0	0
1038	Pre-osteoblasts	-4.37283767299049	-0.077191951345919	0	0
1190	Perichondrium	-0.55252696112983	2.95581537239599	0	0
2803	Perichondrium	-1.01360596255653	3.03290062897253	1	1
2272	Chondrocytes	-2.15448201732032	3.168954667974	3	1
14918	Interdigit mesenchyme	2.50031815930016	-0.517703744244097	0	0
6391	Muscle connective tissue	4.60786186619408	-3.40364450461817	0	0
5229	Tendons	-2.15794933871619	-0.201695101928233	3	0
1042	Perichondrium	-0.127389703926371	1.24585979931402	0	0
5684	Chondrocytes	-4.8565679891526	2.36039095871496	12	1
5093	Pericartilaginous mesenchyme	-0.249069566887544	-3.98543209083032	0	0
1676	Perichondrium	0.834333469110801	2.12628513329077	0	0
4087	Pericartilaginous mesenchyme	-0.293443019550965	-3.71049899108362	0	0
4278	Interdigit mesenchyme	2.01748906536706	3.89428072922278	0	0
2598	Perichondrium	1.26029251976617	0.571401951241972	0	0
3170	Dermis	5.40889631672509	-2.83282655723047	0	0
6870	Muscle connective tissue	2.86756049557336	-4.68181962020349	0	0
3253	Perichondrium	-1.75287700728767	-0.694581362080096	0	0
2668	Dermis	4.25490986271508	-0.709630193781374	0	0
5629	Chondrocytes	-2.11646617488258	4.19659119598913	4	0
5235	Dermis	5.85571514530785	-2.06820827968073	0	0
4487	Pericartilaginous mesenchyme	-0.316581781071351	-4.79561823852014	0	0
4695	Interdigit mesenchyme	-0.617464135450051	-0.658131870102404	1	0
2033	Pre-osteoblasts	-4.57466472224586	-0.487784343432902	0	0
3478	Perichondrium	1.41108499928124	1.27992838375616	0	0
2617	Chondrocytes	-3.4653257234513	3.67267733566809	4	1
2755	Interdigit mesenchyme	1.7688336269439	2.90956622116614	0	0
1019	Chondrocytes	-3.39427651004188	2.34757619850683	2	1
8929	Tendons	-1.47016895846717	-0.982996347021578	5	0
5558	Pre-osteoblasts	-4.47831452922218	0.121950623918058	0	0
6650	Dermis	4.85336290760644	-2.44853610045862	0	0
7144	Perichondrium	0.559685577589347	0.0954147850756661	0	0
5415	Pericartilaginous mesenchyme	0.197413195806815	-0.787651481699465	0	0
7640	Pericartilaginous mesenchyme	1.86761533184655	-3.37935608870935	0	0
2671	Perichondrium	-1.22771538333289	3.09135371201086	2	0
4371	Interdigit mesenchyme	1.6795534984649	-1.06730175263834	0	0
8186	Dermis	4.68333469792016	-2.39905780799341	0	0
6511	Pericartilaginous mesenchyme	0.524407555300071	-2.74219125754785	0	0
11686	Tendons	-2.11210287646644	-1.58577424533319	0	0
5868	Pericartilaginous mesenchyme	-0.69112057523124	-2.55168265349817	0	0
4604	Interdigit mesenchyme	2.23865925236352	1.18132549278784	0	0
4538	Pericartilaginous mesenchyme	1.9525631563247	-4.45197791106653	0	0
1028	Chondrocytes	-4.38667357997291	2.47006684296179	1	0
4978	Perichondrium	-2.63286794261329	1.85154038422156	0	0
7332	Interdigit mesenchyme	2.1422649519027	1.95883017532873	0	0
3481	Perichondrium	-1.16773642138831	3.51000171654272	1	0
4042	Interdigit mesenchyme	3.81746875210412	0.0484932338480965	0	0
1089	Chondrocytes	-5.53756393031471	3.3230107402091	5	0
4225	Pericartilaginous mesenchyme	0.2279380755008	-1.03238624579859	0	0
1721	Dermis	4.87382255955346	-2.60140913970423	0	0
3100	Chondrocytes	-4.93555177287452	2.79591375343847	21	3
5941	Pericartilaginous mesenchyme	1.99598442478783	-3.07634300239038	0	0
2401	Muscle connective tissue	2.66330348415978	-4.55016774184656	0	0
1269	Tendons	-2.26340807513587	-2.50924939162683	0	0
1730	Chondrocytes	-4.89228309230201	2.81433754913855	13	0
3284	Interdigit mesenchyme	2.54387365742333	3.18606477730322	0	0
1103	Perichondrium	-2.33547819690101	2.35100346558142	1	0
4776	Interdigit mesenchyme	3.4075077669204	1.05495673172522	0	0
4963	Interdigit mesenchyme	3.68707071705468	0.0380496358160988	0	0
9177	Pericartilaginous mesenchyme	-0.653102229398415	-4.52939099318933	0	0
5646	Muscle connective tissue	2.73164450092919	-4.41858166701746	0	0
4089	Interdigit mesenchyme	2.43914781971581	-0.281864124011515	0	0
5705	Perichondrium	-0.97249014214866	2.7500298594718	1	0
4747	Interdigit mesenchyme	1.96150862141259	-0.625101166438578	0	0
11299	Muscle connective tissue	2.78839074535973	-4.17559927947473	0	0
10118	Tendons	-2.7193449838578	-2.03682476527643	2	0
7424	Interdigit mesenchyme	2.19017826481469	-0.53603005654764	0	0
2664	Interdigit mesenchyme	2.76404653950341	3.54943972580481	0	0
1256	Perichondrium	-2.09705008105628	2.11983424179602	0	0
2473	Interdigit mesenchyme	2.27870689793236	3.78884201996374	0	0
5648	Pericartilaginous mesenchyme	1.05646740360863	-3.23329991347742	0	0
2799	Pericartilaginous mesenchyme	0.673021008211448	-3.67217153556299	0	0
7687	Pericartilaginous mesenchyme	-0.807323168080972	-3.631737651896	0	0
3391	Perichondrium	-0.0103189154087762	2.99545866005469	0	0
8037	Pre-osteoblasts	-4.38895667628639	-0.327808792364119	0	0
7348	Muscle connective tissue	2.92455755634911	-4.3675717736001	0	0
3216	Pericartilaginous mesenchyme	-0.314196850222276	-4.85257691390467	0	0
6965	Muscle connective tissue	3.81783472462304	-3.81334394462061	1	0
1448	Chondrocytes	-1.9107260806977	3.61792307846594	1	1
6637	Muscle connective tissue	1.92109095020898	-4.13164919860315	0	0
2231	Pericartilaginous mesenchyme	-1.02377618388526	-3.96457070357752	0	0
6679	Chondrocytes	-2.70875252322547	2.3851981734519	8	0
4470	Chondrocytes	-4.74284566478126	1.44695383064795	14	1
1443	Muscle connective tissue	4.01285110874779	-3.70632809646082	0	0
3204	Chondrocytes	-4.49564565257423	2.7151291941886	5	0
7839	Chondrocytes	-5.61876452998512	3.54720479004431	80	4
5301	Interdigit mesenchyme	2.0518153802932	-0.709906342100619	0	0
2417	Interdigit mesenchyme	1.79873536987908	2.93105751030493	0	0
1345	Perichondrium	-0.170263673227952	2.07160335533667	0	0
1380	Perichondrium	-0.277634481948541	1.79341774933386	0	0
3483	Pericartilaginous mesenchyme	0.753278483587577	-3.95177239425134	0	0
2605	Muscle connective tissue	2.62899767323144	-4.1816005135293	0	0
6728	Dermis	5.62772022648461	-2.26545077807855	0	0
1421	Pericartilaginous mesenchyme	0.821457435327842	-3.35135406501245	0	0
3783	Chondrocytes	-3.58202971057288	3.60550003998327	7	1
2171	Perichondrium	1.00237189694054	1.33827346317816	0	0
8067	Pericartilaginous mesenchyme	1.07223438187249	-4.08979767806482	0	0
4837	Perichondrium	-0.665448258680032	3.20603805534887	0	0
5063	Interdigit mesenchyme	3.68610249920495	-0.195448728870867	1	0
4923	Pre-osteoblasts	-4.2029110296189	-0.339430789124487	0	0
2070	Perichondrium	-1.38180841044776	2.72331791870642	1	0
3650	Chondrocytes	-3.89375413493507	2.51151853554297	13	3
1322	Pericartilaginous mesenchyme	-0.113409431700335	-3.17888587958765	0	0
1670	Interdigit mesenchyme	2.64467750950463	1.46810430042792	0	0
6439	Tendons	-1.82959772185676	-1.11385423190546	0	0
3611	Chondrocytes	-2.75071824626319	3.65153008453894	2	0
3126	Chondrocytes	-2.69254935817115	2.61435538284826	3	0
3840	Interdigit mesenchyme	2.52875696583398	0.735123453069212	0	0
2578	Dermis	5.61591564579613	-1.93911999709558	0	0
2156	Perichondrium	0.981104721266105	2.49363285057593	0	0
6046	Muscle connective tissue	2.78606592579491	-4.76312989242029	0	0
4573	Dermis	5.20027481480248	-2.72919005401087	0	0
7156	Pericartilaginous mesenchyme	0.226856519419028	-3.83001345641565	0	0
5002	Interdigit mesenchyme	1.44905148907311	0.0747835313563363	0	0
1224	Chondrocytes	-5.15329183177345	2.9750533675437	18	1
7739	Pericartilaginous mesenchyme	-0.380295376342462	-4.24646681792688	0	0
2865	Interdigit mesenchyme	3.1316357748092	1.97825294487524	0	0
2985	Tendons	-2.71163524226539	-1.47315818316889	1	0
6097	Perichondrium	1.80655061169274	2.02313357346106	1	0
3356	Muscle connective tissue	2.27746426029809	-4.5176646137948	0	0
2163	Perichondrium	-3.57674778537147	1.71556979172278	2	0
3103	Perichondrium	0.0825329171002646	0.944229659963133	0	0
7018	Tendons	-1.84929288462989	-1.09392363078546	5	0
1827	Dermis	6.02710615559228	-2.31964987761926	0	0
5840	Pre-osteoblasts	-4.25616086558692	-0.114415648054598	1	0
6247	Tendons	-1.49973763064735	-1.08865940816355	1	0
4439	Perichondrium	0.550035704809501	-0.000767978500841482	0	0
3346	Perichondrium	-0.352931718391107	2.78250342361975	0	0
2489	Perichondrium	0.0767879383147498	2.41378527634192	0	0
4370	Pericartilaginous mesenchyme	-0.489971141379998	-4.6069504643197	0	0
1158	Perichondrium	-2.59091580943458	1.75242525093603	0	0
4074	Dermis	4.87869535847314	-2.25353950507593	0	0
3520	Chondrocytes	-5.51143611506812	2.80269628517676	19	2
2021	Muscle connective tissue	2.43904005451806	-4.39781111724329	0	0
1562	Perichondrium	1.11874925060876	0.0694373523478524	0	0
3336	Interdigit mesenchyme	2.76729761524804	2.68877368919897	0	0
2453	Pericartilaginous mesenchyme	-1.80301774577491	0.0213663851504342	0	0
4309	Pericartilaginous mesenchyme	1.55583475990899	-3.45706719405603	0	0
5718	Pericartilaginous mesenchyme	1.36902533932336	-2.86523169524622	0	0
3298	Perichondrium	-0.849491010469125	0.485958335328581	0	0
5271	Perichondrium	1.32103918953545	2.33907371513891	0	0
1256	Chondrocytes	-2.99750794009559	3.67826825134802	7	1
3404	Muscle connective tissue	3.60736690922387	-4.06028002746057	0	0
1896	Pre-osteoblasts	-4.45860971049659	-0.331137570213793	0	0
4436	Tendons	-0.812428365510629	-0.534316259097575	0	0
5228	Perichondrium	0.683176686006858	3.81520205490637	0	0
2057	Perichondrium	-0.517825762790368	2.34559589378882	0	0
3508	Interdigit mesenchyme	1.41289638443597	-0.0824191594834312	0	0
3348	Interdigit mesenchyme	2.17358433170922	-0.763174089264391	0	0
1277	Perichondrium	1.8537136213363	3.85658675186682	1	0
5851	Interdigit mesenchyme	1.91513263149865	3.48973232262182	0	0
5242	Perichondrium	0.159985561806037	1.29846220963049	0	0
3452	Pericartilaginous mesenchyme	1.55685423775323	-3.92686933524561	0	0
1740	Chondrocytes	-5.20892299250953	2.8330798720603	17	1
5042	Pericartilaginous mesenchyme	0.399243255096747	-0.491750026714323	0	0
3647	Perichondrium	-1.96483255462043	1.69340234749365	0	0
4418	Perichondrium	-4.06018937663429	0.592700061727049	5	0
3544	Pericartilaginous mesenchyme	-0.86290145949714	-3.91752237327051	0	0
1180	Interdigit mesenchyme	2.2585090295852	-0.92135423667383	0	0
3439	Interdigit mesenchyme	2.93623410626061	-0.346640652638195	0	0
7070	Pericartilaginous mesenchyme	-5.15472901896827	2.44622045509863	11	2
5073	Chondrocytes	-3.25298036174171	2.50565844528723	12	2
4955	Pre-osteoblasts	-3.80494988993995	-0.697240980934618	0	0
4876	Chondrocytes	-4.25762952403419	2.93948346130896	10	3
4667	Pericartilaginous mesenchyme	-0.488229821485207	-4.02374333388758	0	0
2998	Pericartilaginous mesenchyme	0.732026209074332	-3.53345269210291	0	0
3354	Perichondrium	-0.406637887519525	2.77134090416479	0	0
5502	Chondrocytes	-4.75031245784156	1.9808865165	25	0
3683	Muscle connective tissue	4.29137026234276	-3.43764776236963	0	0
1783	Tendons	-2.611174712938	-1.32233000047159	0	0
1009	Perichondrium	-1.83988333777778	0.574730215001585	0	0
4100	Dermis	5.53643976612694	-2.73761552817774	0	0
6772	Pericartilaginous mesenchyme	-0.0492978832244138	-4.64814681060266	0	0
4008	Perichondrium	-2.13762463168494	0.737233099866392	2	0
4534	Interdigit mesenchyme	3.48721658154137	1.08062797539282	0	0
2415	Perichondrium	0.88149403496392	0.956857619214536	0	0
1619	Perichondrium	-0.998838971418069	1.58145159237433	0	0
1356	Pericartilaginous mesenchyme	1.72288452549584	-3.06476062781763	0	0
1278	Pericartilaginous mesenchyme	0.138662506777122	-4.67384308822107	0	0
8404	Dermis	5.30892931385644	-2.16255289561701	0	0
7829	Interdigit mesenchyme	3.47489844723351	0.889003453183653	0	0
5112	Tendons	-2.06556595401161	-0.326647544872282	0	0
4995	Perichondrium	-1.9355954034745	0.275312480855467	0	0
1013	Pre-osteoblasts	-4.05605639056556	1.64098697655249	3	0
4966	Chondrocytes	-2.45025552348487	3.89699107163	10	3
3844	Pericartilaginous mesenchyme	1.04978739185937	-4.0843116665597	0	0
3405	Dermis	5.53642593784936	-2.23673111445856	0	0
6928	Dermis	4.86340748234399	-2.43437451369715	0	0
7206	Chondrocytes	-5.75415767268531	3.71292668335486	67	10
2930	Interdigit mesenchyme	2.14129053516991	2.02834373467016	0	0
3948	Perichondrium	0.603065182405784	0.812629756856443	1	0
1016	Perichondrium	1.31281243725426	1.40756195538092	0	0
5565	Chondrocytes	-3.87632263736121	4.22630244247961	31	3
2712	Chondrocytes	-2.456633697313	3.78152829163122	3	1
4652	Perichondrium	-2.66070021228187	0.215474781919004	3	0
11198	Tendons	-2.08245469169013	-1.10615402705622	20	3
4464	Chondrocytes	-4.48389161662452	2.97582441322851	15	1
4585	Interdigit mesenchyme	2.09895264073022	1.55845409386206	0	0
2126	Perichondrium	-1.04567397670142	2.75293498985815	2	0
2825	Interdigit mesenchyme	2.98028050823815	0.624272522855283	0	0
5077	Chondrocytes	-2.64449108676307	3.62626439087439	25	4
5465	Interdigit mesenchyme	3.32941662235863	0.186408398080351	0	0
3846	Perichondrium	-0.331231053036378	3.43862420074988	0	0
3577	Perichondrium	0.428531636434867	2.51529246323157	0	0
2445	Perichondrium	0.4785304562629	2.1733959292655	0	0
3080	Pre-osteoblasts	-4.31023086146705	-0.471860426139353	0	0
2233	Perichondrium	0.537960399824454	1.11421710007239	0	0
1206	Pericartilaginous mesenchyme	2.41664921208031	-3.97310751922083	0	0
6665	Muscle connective tissue	2.75498091145165	-4.60245388991785	0	0
3772	Perichondrium	0.981850494581535	3.34149580948401	1	0
2760	Pericartilaginous mesenchyme	0.649500419336631	2.64771109573889	0	0
2031	Pre-osteoblasts	-5.0054036481797	0.0200468277220742	0	0
4480	Chondrocytes	-5.1716314657151	2.60087305061865	42	3
5600	Dermis	4.75663124485619	-3.13040441520166	0	0
4517	Pre-osteoblasts	-5.44434989528053	0.197410640645506	1	0
9299	Muscle connective tissue	2.58403669758446	-4.19311660773706	0	0
3747	Perichondrium	-0.774574707311318	2.74587589256811	1	0
6322	Pericartilaginous mesenchyme	-0.624978731435464	-4.11288374907923	0	0
2016	Chondrocytes	-2.48814977244727	3.67599421494055	3	0
1723	Chondrocytes	-5.63951839045875	3.86260300629187	20	2
7609	Pericartilaginous mesenchyme	0.972714294630363	-3.81081623084497	0	0
10028	Muscle connective tissue	2.16939865513451	-4.19998258597803	0	0
2158	Perichondrium	-0.772837231916116	2.38526016228247	0	0
4081	Pericartilaginous mesenchyme	-0.0463850787400464	-2.62843936927271	0	0
3781	Interdigit mesenchyme	2.75461017056115	0.3293635820632	0	0
2478	Pre-osteoblasts	-4.27748073176734	-0.299895512532709	0	0
1355	Dermis	5.46037517948754	-2.0131731653924	0	0
3368	Perichondrium	-2.45077360705726	1.73413210861731	3	1
2628	Dermis	3.94154154224999	-1.66280561931085	0	0
3089	Chondrocytes	-2.94313109950416	2.38805013649511	0	0
2319	Perichondrium	1.58085774346001	2.2607765769248	0	0
5681	Dermis	5.90259968205102	-2.39836949355554	0	0
1140	Pericartilaginous mesenchyme	-0.0517848982035379	-4.8318850422616	0	0
3195	Perichondrium	0.17402343912728	-0.348191353153704	0	0
7513	Chondrocytes	-4.17920459346168	1.73243313782263	10	0
1835	Dermis	5.15057407780297	-2.89120191581201	0	0
5586	Interdigit mesenchyme	2.27792345448144	2.48987132065344	0	0
2759	Perichondrium	0.232712407547309	0.438620266843321	0	0
4181	Tendons	-2.09179903106086	-1.39219439275217	1	0
3685	Interdigit mesenchyme	3.52986418171532	-0.0311509395356163	0	0
3323	Pericartilaginous mesenchyme	0.432342995840385	-0.73089683301401	0	0
1244	Chondrocytes	-4.70688546733253	2.69777208321142	8	0
7932	Muscle connective tissue	2.47751938267358	-4.31064290053797	0	0
5299	Muscle connective tissue	3.96125732823022	-3.54137772567224	0	0
1582	Dermis	5.02119242115624	-2.1247100258584	0	0
9595	Chondrocytes	-5.00224650935523	3.94047385208655	84	15
5380	Pericartilaginous mesenchyme	1.42962204380639	-4.0532829190011	0	0
4540	Perichondrium	0.329390724140479	1.49917012207556	0	0
1787	Interdigit mesenchyme	3.33794318600304	-0.64805951960039	0	0
3745	Muscle connective tissue	3.62628423138268	-3.86464995391321	0	0
7328	Interdigit mesenchyme	1.76934157772668	-0.35454020522189	0	0
2041	Pericartilaginous mesenchyme	-0.0309258727847795	-3.8597216034646	0	0
5013	Chondrocytes	-5.16278470591895	2.93706518166113	44	3
3359	Perichondrium	1.01360701485284	1.32569926731634	0	0
4692	Tendons	-1.60196913318031	-1.12306964642954	0	0
7664	Pericartilaginous mesenchyme	0.168910046058967	-3.04833024985742	0	0
4921	Chondrocytes	-3.3752492769181	3.5542770003562	10	1
3317	Tendons	-2.16290987567298	-2.31276613719416	0	0
3912	Interdigit mesenchyme	2.1006446973861	1.6675468062644	0	0
2352	Chondrocytes	-3.75508369044654	2.2104642962699	6	2
3723	Pericartilaginous mesenchyme	-0.846209476751016	-2.09716910369348	0	0
2931	Pericartilaginous mesenchyme	-0.875038395684884	-4.10317105300379	0	0
2099	Perichondrium	1.08263968392022	1.46042591087866	0	0
2145	Perichondrium	-2.1734556062638	0.997541246343137	1	0
7152	Pericartilaginous mesenchyme	1.04735278053887	-2.6175922775979	0	0
5156	Pericartilaginous mesenchyme	1.11720310612328	-2.64523190505457	0	0
5015	Pericartilaginous mesenchyme	-0.189934807878659	-3.13243001944971	0	0
2039	Dermis	4.61568390293725	-0.966859819960116	0	0
1916	Dermis	5.46231495304711	-1.67676943786096	0	0
4060	Tendons	-1.8295744760453	-0.964047494005678	0	0
3672	Pericartilaginous mesenchyme	-0.603830824655221	-4.17870468146753	0	0
4454	Interdigit mesenchyme	2.99451290531762	-0.422919594344018	0	0
2530	Perichondrium	-1.58902586535804	1.64358550064612	0	0
1049	Pericartilaginous mesenchyme	-1.00935108498924	-4.09467882163477	0	0
1208	Interdigit mesenchyme	3.52828966541894	-0.902056160044192	0	0
5700	Muscle connective tissue	2.53150259419091	-4.30500406272364	1	0
4772	Perichondrium	0.371310641008689	1.5777806615119	0	0
2308	Interdigit mesenchyme	2.23887001438744	1.44306331627417	0	0
8910	Muscle connective tissue	2.80559121533044	-4.72346800811243	0	0
3386	Interdigit mesenchyme	2.6644395486892	3.15626483910132	0	0
1495	Interdigit mesenchyme	2.77719389362939	1.05599647514868	0	0
4988	Pericartilaginous mesenchyme	0.457812835413291	-3.84492391593408	0	0
1006	Interdigit mesenchyme	3.66038023396142	-1.80550331122827	0	0
2553	Perichondrium	0.383936156469657	0.48298245422888	0	0
1501	Pericartilaginous mesenchyme	1.36179410381921	-3.56727141387415	1	0
5710	Perichondrium	0.407214869695975	-0.499219963919638	0	0
8346	Chondrocytes	-4.213309894365	3.70571738235998	16	0
7878	Pericartilaginous mesenchyme	-0.729976604741738	-2.10337442405176	0	0
1383	Pericartilaginous mesenchyme	0.601967324453666	-3.76852554328394	0	0
1037	Perichondrium	-3.37178362445228	-0.0647598529572471	0	0
1749	Chondrocytes	-2.00295032100074	2.96981745712805	2	0
4916	Tendons	-2.23655093745582	-3.11177295691919	0	0
4375	Interdigit mesenchyme	3.39372025890954	1.81933575623083	0	0
8103	Perichondrium	1.07163583202965	0.870544252324583	0	0
2163	Muscle connective tissue	3.11069857044823	-4.60415238387537	0	0
2290	Chondrocytes	-2.11656559543006	3.14054685585547	1	0
1648	Perichondrium	0.909752358633353	1.07613879196692	0	0
7734	Interdigit mesenchyme	2.51181637211449	-1.06035876519632	0	0
1008	Perichondrium	-2.59968055323951	2.03723102562475	1	0
3820	Perichondrium	-3.0185848577439	1.86203771584082	1	0
1331	Pericartilaginous mesenchyme	-0.618258307737038	-4.22231859214258	0	0
2164	Interdigit mesenchyme	3.30158530636437	1.52497952930975	0	0
5803	Perichondrium	-0.225027005237267	0.416161296296598	0	0
6551	Tendons	-2.59030164317481	-1.9183198834176	0	0
3566	Perichondrium	0.589108337599113	-0.594076352786539	0	0
1427	Pre-osteoblasts	-4.42448628978126	-0.585918265056132	0	0
8124	Dermis	4.6187738077224	-2.63360804564905	0	0
4624	Pericartilaginous mesenchyme	2.34697638912804	-2.77330965049219	0	0
5698	Pre-osteoblasts	-4.30971826152198	-0.240951629948138	0	0
6369	Tendons	-2.73325861529701	-1.5821736479516	0	0
1312	Interdigit mesenchyme	2.68360411091454	2.54060107224035	0	0
5805	Pericartilaginous mesenchyme	1.4956470624984	-3.1705355072732	0	0
2820	Chondrocytes	-4.93576825694434	2.85316735260534	24	2
4603	Pericartilaginous mesenchyme	1.31975494785912	-3.94057744986963	0	0
2057	Chondrocytes	-5.47098792628639	3.8150089358573	22	0
6395	Perichondrium	-0.106484743815587	2.09636097900915	0	0
1543	Pericartilaginous mesenchyme	0.43239723606713	-3.87852710730982	0	0
4043	Pericartilaginous mesenchyme	0.81249897642739	-3.65460151679468	0	0
1198	Perichondrium	0.117019613224341	0.0462936734442727	0	0
6230	Chondrocytes	-5.55373014048927	3.27975874893713	58	7
1401	Chondrocytes	-3.1790036065995	4.15298348419714	0	0
3271	Perichondrium	-3.19855106906287	1.84060078613806	1	3
7505	Pericartilaginous mesenchyme	-0.447908441585229	-4.76976365096521	0	0
3488	Interdigit mesenchyme	1.80602346821435	-0.553684088062762	0	0
3466	Interdigit mesenchyme	1.77113388939507	-0.263212564062594	0	0
2187	Perichondrium	0.45342915220864	1.4842063760047	0	0
4203	Chondrocytes	-4.58816875056617	2.67354756348181	10	0
2229	Chondrocytes	-3.08018506602638	3.66556197159338	2	2
4434	Tendons	-1.49661518172614	-1.04188096768808	0	0
4878	Tendons	-1.31802714900367	-0.998030247759341	3	0
1430	Perichondrium	0.227972437578513	2.30810528748083	0	0
5486	Interdigit mesenchyme	2.31962667866357	3.25878625862646	0	0
3147	Dermis	5.91760717793114	-2.35469228274774	0	0
1376	Interdigit mesenchyme	3.95051704807885	-1.40389043338251	0	0
5419	Perichondrium	0.667233158785178	-0.5395538682456	0	0
2663	Tendons	-1.13639796809547	-0.736749800514696	1	0
1466	Perichondrium	-0.137190102648662	1.98386960976172	0	0
1291	Dermis	5.6784046785415	-1.70135444648218	0	0
4416	Chondrocytes	-2.54774249629371	3.94339018814612	3	0
8093	Chondrocytes	-5.18007243708961	3.31578999512243	94	9
3988	Chondrocytes	-4.9560643537461	3.71950894348669	45	3
6075	Pre-osteoblasts	-3.95983589724891	-0.710703256201266	0	0
4311	Perichondrium	0.922806014257743	-0.382623027671395	0	0
5003	Perichondrium	1.2172355548919	-0.953081193041323	0	0
7556	Pre-osteoblasts	-4.80670989589088	1.03587156288672	1	1
2160	Perichondrium	-0.387831340593026	3.33770400040198	0	0
3842	Perichondrium	0.842330624300315	3.10550218575049	0	0
2145	Chondrocytes	-3.65976871089332	3.68509894363928	8	1
5970	Chondrocytes	-2.64406646327369	1.88577276222754	0	0
2576	Interdigit mesenchyme	1.90729009075768	2.93885713570166	0	0
1595	Chondrocytes	-4.10590756968849	3.98360329620886	10	2
1336	Perichondrium	0.388596107202842	3.50940996162939	0	0
3990	Tendons	-2.27261699275367	-2.5336398506875	0	0
5181	Chondrocytes	-5.13961947993629	2.48403483383703	50	0
3129	Perichondrium	-1.2834957940995	1.08772164337683	0	2
1263	Pericartilaginous mesenchyme	1.11528109474786	-2.81668776519251	0	0
14053	Chondrocytes	-4.59777988032691	2.40832239143896	26	3
1332	Tendons	-0.189261118930505	0.0038392519240395	0	0
2906	Pericartilaginous mesenchyme	0.151637156444861	-4.31313103682947	0	0
12405	Muscle connective tissue	2.3077980176986	-4.19617241866541	0	0
3099	Pericartilaginous mesenchyme	1.34386836453088	-3.60291499144983	0	0
2060	Tendons	-2.21233881549232	-2.29601210601282	0	0
2267	Chondrocytes	-5.7459436757981	3.64988261215735	24	4
5458	Tendons	-1.50038004950874	-1.60522109515619	0	0
1979	Perichondrium	-4.87722934321754	0.288457450795652	0	0
8453	Dermis	5.33095442219384	-2.75231284148645	1	0
3673	Tendons	-0.416773597758935	-0.253014268946169	3	0
2722	Chondrocytes	-2.91081369952552	4.20655327789831	5	0
1170	Interdigit mesenchyme	3.55462228222497	0.733411369252683	0	0
4693	Tendons	-2.11724222735755	-3.01962393767786	0	0
7917	Pericartilaginous mesenchyme	0.34997119470246	-3.98186224944544	0	0
5621	Chondrocytes	-5.54341710643165	3.62417918198157	53	2
10380	Pericartilaginous mesenchyme	-0.208653929692433	-4.69306010253382	0	0
2317	Pre-osteoblasts	-4.64232171611182	-0.0884917402977928	1	0
9698	Dermis	6.21240507527001	-2.08990639693689	0	0
2340	Pericartilaginous mesenchyme	-0.561734835666345	-2.74268168456507	0	0
7513	Dermis	4.95075594349511	-2.29632598407221	0	0
3358	Interdigit mesenchyme	2.39670549793847	3.25885277741003	0	0
1421	Tendons	-2.3406542642533	-2.88424200065088	0	0
9108	Chondrocytes	-5.08873761729591	3.24174242966223	32	4
3809	Chondrocytes	-4.26180471019141	2.72123580925512	25	0
1657	Interdigit mesenchyme	3.33074580593713	1.66802912704992	0	0
4239	Perichondrium	0.782556344705894	1.14347403996039	0	0
2594	Interdigit mesenchyme	3.03506313725121	1.87293225281286	0	0
5709	Pericartilaginous mesenchyme	-0.792793641847299	-2.17098242289972	0	0
1295	Tendons	-1.15933443145149	-0.775964560579775	2	0
2292	Interdigit mesenchyme	2.74095188542016	1.26536267750311	0	0
4499	Interdigit mesenchyme	2.89128719730981	2.44153457634497	0	0
2148	Perichondrium	0.421507825094535	1.41916304581213	0	0
1723	Pericartilaginous mesenchyme	-0.306339736145661	-4.244375410151	0	0
4666	Perichondrium	0.816972006994559	-0.00438809640359722	0	0
6386	Pericartilaginous mesenchyme	0.364576180416419	-3.03237432486963	0	0
3977	Perichondrium	0.45458631678231	-0.571356135081766	0	0
6651	Interdigit mesenchyme	2.73463212414391	2.24535423271704	0	0
4087	Pre-osteoblasts	-4.41902698115699	-0.014457496475695	0	0
2685	Pericartilaginous mesenchyme	0.793138612943961	-3.54820531852197	0	0
5009	Pericartilaginous mesenchyme	-0.0322856484472017	-4.1810597801919	0	0
6247	Pre-osteoblasts	-5.04692615107887	0.332375464368345	1	0
6971	Pre-osteoblasts	-4.2906214101731	-0.065136047672747	0	0
5803	Interdigit mesenchyme	1.93812977238305	2.94314843170691	0	0
1114	Pericartilaginous mesenchyme	2.37366258068688	-4.37557858474207	0	0
4862	Interdigit mesenchyme	2.83873282833703	2.30626755707312	0	0
1736	Perichondrium	0.333167006212546	0.74113708488989	0	0
3219	Perichondrium	1.72441290779717	1.1352962826972	0	0
4806	Pericartilaginous mesenchyme	1.12088929577477	-3.66117590911341	0	0
6501	Pericartilaginous mesenchyme	1.35039459629662	-3.72248429305506	0	0
7154	Pericartilaginous mesenchyme	-0.028920169037507	-4.65703076369715	0	0
1723	Interdigit mesenchyme	2.20679770870812	0.567764697003843	0	0
1243	Pericartilaginous mesenchyme	0.248902012544944	-3.25990242011499	0	0
10010	Tendons	-2.17534078196876	-0.383824505504487	1	0
5027	Pericartilaginous mesenchyme	0.597080935674979	-3.08290022857141	0	0
5050	Pericartilaginous mesenchyme	-1.10016990737312	-1.9973382378335	0	0
2308	Chondrocytes	-4.21801866130225	4.15919142715979	15	0
1278	Pericartilaginous mesenchyme	0.328109343487098	-3.27041930205774	0	0
4802	Interdigit mesenchyme	0.954529871183707	3.15750032417822	0	0
3897	Perichondrium	0.797158588606193	-0.631109612655161	0	0
3096	Perichondrium	0.131121446329429	2.8715525244956	0	0
4387	Perichondrium	1.98683010502465	0.992882666516782	0	0
1196	Perichondrium	1.22329925461419	1.8494315718894	0	0
3320	Dermis	4.7408612863601	-2.96730679519129	0	0
3737	Perichondrium	0.436491240698173	3.21413737289953	0	0
2378	Perichondrium	1.34272169037469	0.358791229653837	0	0
1674	Perichondrium	0.81281351013787	2.65172034256506	0	0
3740	Perichondrium	-2.63623012141578	1.79151946060705	0	0
5068	Chondrocytes	-3.76691235141151	4.12874775879431	12	1
5227	Dermis	4.76494013233788	-2.32193786151361	0	0
4720	Interdigit mesenchyme	2.65916000767358	3.43274789803076	0	0
3131	Tendons	-1.98614026145332	-1.28860414273691	0	0
6521	Pre-osteoblasts	-4.65581668452613	0.0468548809771553	0	0
7177	Pericartilaginous mesenchyme	0.163724024730994	-3.68184513099146	0	0
2519	Pericartilaginous mesenchyme	0.849406112867667	-3.96178239829492	0	0
1993	Perichondrium	-1.55094278888099	2.24935847275305	1	0
5059	Tendons	-2.48662556247108	-2.67113417632532	0	0
5361	Interdigit mesenchyme	2.79327641888268	3.52868085854101	0	0
7426	Dermis	6.24407040043481	-1.90570694453668	0	0
4095	Interdigit mesenchyme	2.66760455532677	3.67858725540686	0	0
5392	Interdigit mesenchyme	2.82382809086449	0.167769608426572	0	0
2813	Chondrocytes	-2.4135953290879	2.6344976996665	7	2
4574	Perichondrium	-1.89381338195197	1.99441629402685	3	1
2953	Muscle connective tissue	2.62184916897423	-4.6940037632699	0	0
3134	Perichondrium	1.67273508473046	-0.504736753773211	0	0
8668	Dermis	4.21515880985863	-3.36175483710718	1	0
1244	Perichondrium	0.807852019506766	1.44784372799444	0	0
3247	Pericartilaginous mesenchyme	0.729656209188773	-4.07405346877527	0	0
5340	Dermis	4.32914673252709	-0.855315181087969	0	0
2781	Perichondrium	0.488743533331229	1.9036832427268	0	0
1591	Perichondrium	0.0305153177560111	1.90178352348852	0	0
2165	Perichondrium	1.18104301853783	0.58337855093527	0	0
2764	Dermis	5.37523161335595	-1.74359721190882	0	0
4290	Pericartilaginous mesenchyme	-0.00464871065013212	-1.26493311173868	0	0
4369	Pericartilaginous mesenchyme	0.38145210309632	-0.985396149229525	0	0
4875	Interdigit mesenchyme	2.50946484966881	2.49147063248205	0	0
1274	Perichondrium	0.17017160816796	1.16553717606116	0	0
5692	Interdigit mesenchyme	3.41703902645714	1.17700546734381	0	0
9547	Chondrocytes	-4.5806251867234	2.81834798805761	35	1
2292	Perichondrium	-0.221609490972684	1.10680395119238	0	0
1610	Perichondrium	-1.2862542970597	1.11586063854742	0	0
3512	Chondrocytes	-4.7400695188462	3.45751958839941	11	0
6460	Pericartilaginous mesenchyme	-1.01800979213111	-1.94619494922113	2	0
9083	Dermis	5.04525839253075	-2.63606542594385	0	0
2120	Chondrocytes	-2.43468392924659	3.18870955460119	1	0
4746	Pericartilaginous mesenchyme	0.300383646923377	-4.39549798018885	0	0
2178	Chondrocytes	-4.78728784160011	2.95720869057226	18	0
6232	Interdigit mesenchyme	2.59127651615746	-0.0669931495900138	0	0
5531	Muscle connective tissue	2.19278179569848	-4.55267495162439	0	0
1866	Perichondrium	0.708662618833854	2.04777651779699	0	0
3270	Interdigit mesenchyme	2.43109833164818	2.01202207558203	0	0
4844	Pericartilaginous mesenchyme	0.0231887446225424	-4.44079560286951	0	0
3122	Perichondrium	0.380450387436225	0.790037450719358	0	0
15351	Pericartilaginous mesenchyme	0.354606796938254	-4.52227229125452	0	0
2576	Pre-osteoblasts	-4.1772762639939	0.308454570699217	0	0
3486	Perichondrium	0.404008199411704	3.15153723709631	0	0
2335	Interdigit mesenchyme	2.99422823353417	1.08284860603857	0	0
3812	Perichondrium	0.491442372042014	0.412804005074979	0	0
2551	Dermis	5.58317409916527	-1.68384987361383	0	0
1888	Dermis	5.92774616642602	-1.85773867614221	0	0
2210	Perichondrium	-0.646623621743844	3.13731604569006	0	0
4452	Interdigit mesenchyme	2.50153242512353	3.34261423103857	0	0
1625	Chondrocytes	-5.521424423021	2.91590600960303	8	0
3699	Tendons	-1.1008648975312	-0.78480598576021	0	0
3097	Pericartilaginous mesenchyme	-0.808835278314278	-3.94866556174707	0	0
1521	Tendons	-1.07451886968009	-0.803626957010744	0	0
5914	Interdigit mesenchyme	2.26838027401574	-0.757081064056872	0	0
4748	Interdigit mesenchyme	2.3437243597091	-1.21775841958475	1	0
5018	Perichondrium	-3.67545808390968	0.144172427583219	0	0
6233	Dermis	6.32043539448388	-1.90787679202509	0	0
1840	Chondrocytes	-4.44879306392066	2.75935154907751	11	1
5947	Pericartilaginous mesenchyme	-0.275727550548242	-3.67774147040796	0	0
5245	Muscle connective tissue	3.50602160854943	-4.06097573287439	0	0
3102	Interdigit mesenchyme	1.93202840252526	3.93463307373572	0	0
5366	Pre-osteoblasts	-4.52752078608863	0.132852432656767	0	0
4872	Perichondrium	-3.25462568835609	-0.0469380939717277	0	0
1038	Pericartilaginous mesenchyme	-0.480384181302712	-4.79501456267786	0	0
3490	Chondrocytes	-2.65028728083961	2.67374092094946	3	0
6272	Perichondrium	-2.2347840173661	0.17955147974539	0	0
2830	Pericartilaginous mesenchyme	-0.433228592437432	-3.54901236541223	0	0
2967	Interdigit mesenchyme	2.03825341625817	2.90814000122595	0	0
6536	Perichondrium	-2.25360025004737	0.931406435895445	0	0
4949	Tendons	-2.12308229045265	-1.4942213917489	0	0
1168	Perichondrium	2.70370232029565	-0.584988313388346	0	0
4734	Tendons	-2.39619935588233	-2.59018510825586	0	0
4196	Dermis	4.78244577808984	-1.35661632068109	0	0
2489	Perichondrium	0.630455304819419	2.26302009575415	0	0
8086	Tendons	-1.85371328429572	-0.895246269773958	0	0
5605	Pericartilaginous mesenchyme	1.91207658215172	-2.69867223746729	0	0
1032	Dermis	4.39239536686547	-0.771880360912798	0	0
2323	Dermis	5.0031436578811	-2.93689006812525	0	0
1044	Pericartilaginous mesenchyme	0.721701015669181	-3.21266550071192	0	0
1491	Tendons	-2.99915016726844	-0.998947920870302	0	0
3869	Perichondrium	-0.345972891014741	3.37427431099463	1	1
5298	Muscle connective tissue	3.73820554180749	-4.08769840247583	0	0
2456	Pericartilaginous mesenchyme	2.10140239163048	-2.84890240676355	0	0
2628	Pre-osteoblasts	-4.8448001249253	1.3716666077857	0	0
3780	Perichondrium	-0.196375268560574	3.1075566386466	0	0
4573	Pre-osteoblasts	-4.4948302610337	-0.260740893554209	1	0
6677	Pericartilaginous mesenchyme	-0.567471842330621	-4.38195652015161	0	0
1960	Chondrocytes	-4.10163320140235	3.52728754036474	17	1
5018	Tendons	-2.11448801593177	-2.89058608062219	0	0
1918	Perichondrium	1.44492017193444	0.395157334733488	1	0
6062	Pericartilaginous mesenchyme	0.842998673158958	-3.38682359702539	0	0
5208	Pericartilaginous mesenchyme	2.68158112927087	-2.75143212325525	0	0
1264	Chondrocytes	-2.69634188250892	3.6961591815238	3	0
1795	Perichondrium	0.337897677856757	1.78888875000525	0	0
2768	Perichondrium	-0.906288693708108	3.34566646568823	3	0
7823	Perichondrium	-2.0978610618531	0.0526269649748818	0	0
6777	Tendons	-2.1441210611283	-2.97547811515283	0	0
2873	Perichondrium	0.616160918909385	3.27124911301184	0	0
2007	Perichondrium	-1.63182319239967	-0.547078865241526	0	0
3729	Perichondrium	2.01936160488732	0.476185975003721	0	0
13795	Pre-osteoblasts	-5.45995820597999	0.197428879666807	1	0
2457	Interdigit mesenchyme	2.34213458462365	3.35015517227698	0	0
4560	Pre-osteoblasts	-3.81971038417213	-0.883282514881609	1	0
1887	Pre-osteoblasts	-4.52016414241187	-0.288200365972041	0	0
2286	Perichondrium	0.639062632757499	0.39749866478491	0	0
1652	Perichondrium	-1.50459862784736	1.79279237740088	2	0
6653	Pericartilaginous mesenchyme	0.670969356733634	-2.83283585555506	0	0
4503	Pericartilaginous mesenchyme	1.8114054100097	-0.882011445831774	2	0
3207	Perichondrium	-1.99963713721626	2.79451471321631	0	0
2105	Perichondrium	0.833284784990623	-0.118570598434924	0	0
3098	Dermis	4.00933681889184	-1.11167967565012	0	0
5597	Dermis	5.06846367283471	-2.93957942969751	0	0
4023	Chondrocytes	-4.87698377208106	2.60639196388769	16	1
6607	Chondrocytes	-5.26682962016456	3.30535012238074	41	2
8979	Tendons	-2.38284100131385	-2.6872739220376	0	0
11539	Muscle connective tissue	1.60251676006921	-4.09375280387354	1	0
2000	Perichondrium	-0.408960352700875	2.30151420586157	0	0
5800	Dermis	5.10710894032128	-2.16299766547632	0	0
1404	Pericartilaginous mesenchyme	2.7603114740432	-4.60314959533167	0	0
2651	Pericartilaginous mesenchyme	0.946767319876029	-3.84574264533472	0	0
3117	Perichondrium	-0.662384639543221	2.93441778175879	2	0
2437	Pericartilaginous mesenchyme	2.35485016270287	-2.48786062247705	0	0
1536	Perichondrium	0.609008540350272	1.12406867497015	0	0
6046	Dermis	4.45379578037865	-0.870605202984331	0	0
1657	Chondrocytes	-3.37686861590736	3.88364249222326	7	2
4665	Muscle connective tissue	2.91459332867272	-4.37998026854944	0	0
2293	Perichondrium	0.410266091066672	0.955222663808347	0	0
2593	Perichondrium	0.861544002729728	1.78905397408056	0	0
6806	Dermis	3.95809542103417	-1.01118839032602	0	0
2577	Pericartilaginous mesenchyme	2.28041159077294	-3.05355137832117	0	0
1104	Perichondrium	-1.0007745726525	3.51589494698095	1	1
3781	Perichondrium	0.707126249510123	1.07453864567328	0	0
1091	Perichondrium	-2.37175000743263	2.2106547927146	0	0
3843	Tendons	-2.35893906192176	-1.25815648086023	1	0
3690	Dermis	5.0609239236892	-2.27537089831781	0	0
3825	Interdigit mesenchyme	2.98997079296715	1.28904598705816	0	0
3469	Dermis	5.06280123158105	-2.67731327063989	0	0
6962	Chondrocytes	-5.37014211253516	2.75175887100744	17	1
4045	Perichondrium	0.743371774393394	2.7263219928031	0	0
1469	Dermis	5.82676540775902	-2.30928284175348	2	1
1129	Perichondrium	0.339129497248008	2.46352106087256	0	0
6211	Dermis	5.36960398121484	-2.85147971160364	0	0
1988	Perichondrium	-2.45652354792945	1.77691989891577	0	0
2005	Pericartilaginous mesenchyme	-1.03300840691917	-1.85935789592218	0	0
8570	Chondrocytes	-5.12998212413184	2.72147232048559	39	3
3021	Dermis	5.8362711565078	-2.16724390037012	0	0
1492	Pericartilaginous mesenchyme	1.45756422443993	-3.3226875687356	0	0
1172	Perichondrium	-1.27420486049049	0.844640312123777	0	0
3646	Tendons	-2.30719460086219	-2.75753873832178	0	0
1025	Pericartilaginous mesenchyme	-0.687766145032571	-4.46610325820398	0	0
2627	Chondrocytes	-5.54018415049903	3.31067758553076	26	4
3747	Chondrocytes	-5.34153474406593	3.16941314690161	33	2
5328	Pericartilaginous mesenchyme	0.532054592806174	-2.34949785716486	0	0
2432	Chondrocytes	-1.92489327029578	3.85155421249914	1	0
1092	Interdigit mesenchyme	3.02299605770714	1.09414142124701	0	0
4728	Pericartilaginous mesenchyme	-0.44664094881408	-4.49785584456873	0	0
7548	Interdigit mesenchyme	2.50544964237817	3.62451392166662	0	0
6298	Dermis	5.81747280521996	-1.95990783221674	0	0
2661	Chondrocytes	-2.0064714057862	3.56421047203589	0	1
1110	Perichondrium	1.8526160614074	0.0363458668475167	0	0
1187	Interdigit mesenchyme	2.78539120121606	-0.0974668288941368	0	0
4043	Pericartilaginous mesenchyme	-0.538200686734841	-2.94715661055994	0	0
2070	Interdigit mesenchyme	2.88883172436364	0.859645781445982	0	0
6572	Interdigit mesenchyme	2.30096613331444	3.27832942955542	0	0
1594	Interdigit mesenchyme	3.82563768787987	-0.112216802906512	0	0
2604	Interdigit mesenchyme	1.33689891262658	2.8971872901206	0	0
1573	Pre-osteoblasts	-4.5784860952317	1.49503713600683	3	1
3634	Pericartilaginous mesenchyme	0.133101005989387	-0.795115205120562	0	0
2594	Pericartilaginous mesenchyme	-1.19346333579414	-3.12706536300134	0	0
1248	Chondrocytes	-4.22663796977393	3.23798161499548	2	0
2089	Perichondrium	-0.831164727967904	-1.60100656993341	0	0
6335	Muscle connective tissue	3.2093397275985	-3.92854374892664	0	0
5029	Perichondrium	1.07676171227105	1.92768937103796	0	0
6615	Pericartilaginous mesenchyme	0.284288306671454	-3.40150803573084	0	0
2312	Chondrocytes	-3.52307332591407	3.52819090836096	3	0
1278	Interdigit mesenchyme	2.46237956448205	3.02997141830969	0	0
3274	Interdigit mesenchyme	2.95992337628014	0.872893152165891	0	0
1890	Muscle connective tissue	3.54366456432946	-4.32512921340418	0	0
8124	Pre-osteoblasts	-4.73495830134742	0.723036823201658	6	0
3427	Perichondrium	0.554834057527854	3.04716068260718	0	0
2987	Perichondrium	1.27460562153466	0.350302812982084	0	0
7450	Tendons	-2.42627276019447	-1.8955166960473	0	0
5424	Muscle connective tissue	2.89004980488427	-3.77712720878076	0	0
1271	Dermis	6.24442564411767	-1.88425702102136	0	0
4909	Dermis	5.60234629078515	-2.06192666537714	0	0
1264	Dermis	4.94314896031029	-2.21855658538294	0	0
3120	Tendons	-2.43301309184425	-2.87818640716028	0	0
3828	Pericartilaginous mesenchyme	0.0438750879348059	-1.11144852883768	0	0
6584	Perichondrium	0.726888348299338	0.0389745508914009	0	0
2008	Perichondrium	0.523314644533469	-1.93790537364435	0	0
2227	Interdigit mesenchyme	1.68444096012719	-1.43390506751489	0	0
1037	Pre-osteoblasts	-4.01149357394569	-0.15619641787958	1	0
2408	Perichondrium	-2.4617959363877	1.05250888817358	4	0
2011	Perichondrium	-0.892191897195504	3.43609195702124	0	0
1171	Chondrocytes	-2.40478790835731	4.1141188716178	1	0
8492	Dermis	5.38376318379052	-2.76578182227564	0	0
2792	Perichondrium	-1.57442916468971	0.816086230206968	0	0
3236	Pericartilaginous mesenchyme	0.203936059910132	-4.28044313437891	0	0
3450	Interdigit mesenchyme	2.93199097080834	2.66032224648047	0	0
4253	Perichondrium	-0.948079596322701	3.33575039856482	4	0
2531	Pre-osteoblasts	-4.64874900416724	-0.395166671728982	0	0
5928	Tendons	-2.45997036532752	-1.37846249587488	1	0
8314	Chondrocytes	-5.29780782298438	2.82941728584814	71	3
1123	Dermis	5.76920639439233	-2.64199441916895	0	0
3795	Muscle connective tissue	2.83869491978295	-4.41114396102381	0	0
9425	Tendons	-2.24640477733009	-2.92185157782984	0	0
2618	Perichondrium	0.0105787412703772	0.241949019361021	0	0
3439	Chondrocytes	-5.18398774699561	2.4453058814292	41	0
1527	Dermis	5.53787266178735	-2.34204393870783	0	0
1350	Chondrocytes	-2.60429633693092	2.66602188103247	2	0
3059	Interdigit mesenchyme	1.51856528683312	2.89054471008825	0	0
1398	Interdigit mesenchyme	2.86410342617638	1.54489964001227	0	0
4663	Pericartilaginous mesenchyme	0.510592986780479	-4.02366084105921	0	0
1079	Chondrocytes	-5.6478744848191	3.56272512428808	11	0
1087	Pre-osteoblasts	-4.95133603648536	0.247441468167783	0	1
4852	Perichondrium	-0.179511922460721	2.70610671989966	0	0
2083	Pericartilaginous mesenchyme	3.53328048153527	-3.83302182204676	0	0
4487	Pericartilaginous mesenchyme	0.46050136252053	-4.14625662810755	0	0
2277	Chondrocytes	-2.47246564463966	2.79778605454016	2	2
3475	Tendons	-0.530526678126977	-0.374162858944653	0	0
2327	Perichondrium	-1.16107655600898	1.69619327538061	0	0
2648	Perichondrium	-1.30374551848762	1.99552231781531	4	0
